-0.336460 0.250891 -0.257897 0.217126 -0.183889 0.265605 -0.272689 1.354078 0.892724 0.420000
-0.246832 0.250891 -0.257897 0.217126 -0.183889 0.265605 -0.272689 1.970756 0.742936 5.830000
-0.152168 0.250891 -0.257897 0.217126 -0.183889 0.265605 -0.272689 2.736791 0.588482 24.180000
-0.305337 0.250891 -0.257897 0.217126 -0.183889 0.265605 -0.272689 1.543395 0.840757 0.880000
-0.233194 0.250891 -0.257897 0.217126 -0.183889 0.265605 -0.272689 2.077843 0.720235 7.690000
-0.229236 0.250891 -0.257897 0.217126 -0.183889 0.265605 -0.272689 2.109246 0.713663 8.570000
-0.237759 0.250891 -0.257897 0.217126 -0.183889 0.265605 -0.272689 2.041795 0.727825 6.920000
-0.236404 0.250891 -0.257897 0.217126 -0.183889 0.265605 -0.272689 2.052475 0.725571 7.080000
-0.235867 0.250891 -0.257897 0.217126 -0.183889 0.265605 -0.272689 2.056713 0.724678 7.170000
-0.236340 0.250891 -0.257897 0.217126 -0.183889 0.265605 -0.272689 2.052980 0.725465 7.090000
-0.236306 0.250891 -0.257897 0.217126 -0.183889 0.265605 -0.272689 2.053248 0.725408 7.090000
-0.236138 0.250891 -0.257897 0.217126 -0.183889 0.265605 -0.272689 2.054574 0.725129 7.090000
-0.236035 0.250891 -0.257897 0.217126 -0.183889 0.265605 -0.272689 2.055387 0.724957 7.110000
-0.236105 0.250891 -0.257897 0.217126 -0.183889 0.265605 -0.272689 2.054834 0.725074 7.100000
-0.236203 0.250891 -0.257897 0.217126 -0.183889 0.265605 -0.272689 2.054061 0.725237 7.090000
-0.236138 0.153404 -0.257897 0.217126 -0.183889 0.265605 -0.272689 7.359549 1.493833 74.400000
-0.236138 0.247596 -0.257897 0.217126 -0.183889 0.265605 -0.272689 1.839752 0.743425 4.010000
-0.236138 0.305809 -0.257897 0.217126 -0.183889 0.265605 -0.272689 6.229983 0.702916 66.130000
-0.236138 0.239284 -0.257897 0.217126 -0.183889 0.265605 -0.272689 1.401551 0.794757 0.920000
-0.236138 0.253362 -0.257897 0.217126 -0.183889 0.265605 -0.272689 2.224499 0.712288 10.810000
-0.236138 0.251463 -0.257897 0.217126 -0.183889 0.265605 -0.272689 2.093330 0.722087 8.020000
-0.236138 0.251107 -0.257897 0.217126 -0.183889 0.265605 -0.272689 2.069165 0.723975 7.400000
-0.236138 0.249766 -0.257897 0.217126 -0.183889 0.265605 -0.272689 1.979509 0.731230 5.980000
-0.236138 0.250746 -0.257897 0.217126 -0.183889 0.265605 -0.272689 2.044810 0.725906 6.980000
-0.236138 0.251006 -0.257897 0.217126 -0.183889 0.265605 -0.272689 2.062335 0.724514 7.270000
-0.236138 0.251140 -0.257897 0.217126 -0.183889 0.265605 -0.272689 2.071399 0.723799 7.440000
-0.236138 0.251264 -0.257897 0.217126 -0.183889 0.265605 -0.272689 2.079804 0.723140 7.720000
-0.236138 0.251187 -0.257897 0.217126 -0.183889 0.265605 -0.272689 2.074583 0.723549 7.570000
-0.236138 0.251140 -0.246832 0.217126 -0.183889 0.265605 -0.272689 2.202838 0.691551 10.850000
-0.236138 0.251140 -0.152168 0.217126 -0.183889 0.265605 -0.272689 3.433022 3.396114 56.460000
-0.236138 0.251140 -0.305337 0.217126 -0.183889 0.265605 -0.272689 1.588645 1.915170 10.600000
-0.236138 0.251140 -0.253128 0.217126 -0.183889 0.265605 -0.272689 2.127459 0.686660 9.010000
-0.236138 0.251140 -0.253755 0.217126 -0.183889 0.265605 -0.272689 2.120035 0.689616 8.820000
-0.236138 0.251140 -0.273457 0.217126 -0.183889 0.265605 -0.272689 1.895997 1.017349 5.950000
-0.236138 0.251140 -0.268855 0.217126 -0.183889 0.265605 -0.272689 1.946541 0.911049 6.150000
-0.236138 0.251140 -0.259522 0.217126 -0.183889 0.265605 -0.272689 2.052520 0.743630 7.120000
-0.236138 0.251140 -0.260066 0.217126 -0.183889 0.265605 -0.272689 2.046226 0.750999 7.070000
-0.236138 0.251140 -0.257178 0.217126 -0.183889 0.265605 -0.272689 2.079789 0.716123 7.730000
-0.236138 0.251140 -0.255870 0.217126 -0.183889 0.265605 -0.272689 2.095110 0.703983 8.060000
-0.236138 0.251140 -0.256442 0.217126 -0.183889 0.265605 -0.272689 2.088401 0.708996 7.860000
-0.236138 0.251140 -0.256522 0.217126 -0.183889 0.265605 -0.272689 2.087464 0.709734 7.850000
-0.236138 0.251140 -0.256300 0.217126 -0.183889 0.265605 -0.272689 2.090065 0.707708 7.940000
-0.236138 0.251140 -0.256475 0.217126 -0.183889 0.265605 -0.272689 2.088015 0.709299 7.860000
-0.236138 0.251140 -0.256388 0.217126 -0.183889 0.265605 -0.272689 2.089034 0.708503 7.860000
-0.236138 0.251140 -0.256354 0.217126 -0.183889 0.265605 -0.272689 2.089432 0.708194 7.880000
-0.236138 0.251140 -0.256388 0.153404 -0.183889 0.265605 -0.272689 1.419243 0.842014 3.360000
-0.236138 0.251140 -0.256388 0.247596 -0.183889 0.265605 -0.272689 2.409384 0.646144 17.970000
-0.236138 0.251140 -0.256388 0.305809 -0.183889 0.265605 -0.272689 3.016534 0.532660 38.140000
-0.236138 0.251140 -0.256388 0.217823 -0.183889 0.265605 -0.272689 2.096374 0.707062 8.120000
-0.236138 0.251140 -0.256388 0.211240 -0.183889 0.265605 -0.272689 2.027037 0.720694 6.440000
-0.236138 0.251140 -0.256388 0.207020 -0.183889 0.265605 -0.272689 1.982578 0.729458 5.560000
-0.236138 0.251140 -0.256388 0.210089 -0.183889 0.265605 -0.272689 2.014912 0.723082 6.260000
-0.236138 0.251140 -0.256388 0.213754 -0.183889 0.265605 -0.272689 2.053520 0.715482 7.030000
-0.236138 0.251140 -0.256388 0.210172 -0.183889 0.265605 -0.272689 2.015786 0.722910 6.260000
-0.236138 0.251140 -0.256388 0.212200 -0.183889 0.265605 -0.272689 2.037150 0.718703 6.670000
-0.236138 0.251140 -0.256388 0.210832 -0.183889 0.265605 -0.272689 2.022739 0.721540 6.400000
-0.236138 0.251140 -0.256388 0.211607 -0.183889 0.265605 -0.272689 2.030903 0.719933 6.520000
-0.236138 0.251140 -0.256388 0.211366 -0.183889 0.265605 -0.272689 2.028365 0.720432 6.460000
-0.236138 0.251140 -0.256388 0.211414 -0.183889 0.265605 -0.272689 2.028870 0.720333 6.460000
-0.236138 0.251140 -0.256388 0.211488 -0.183889 0.265605 -0.272689 2.029650 0.720179 6.500000
-0.236138 0.251140 -0.256388 0.211448 -0.183889 0.265605 -0.272689 2.029228 0.720262 6.470000
-0.236138 0.251140 -0.256388 0.211414 -0.246832 0.265605 -0.272689 1.727653 2.553170 27.250000
-0.236138 0.251140 -0.256388 0.211414 -0.152168 0.265605 -0.272689 2.197797 0.706371 22.050000
-0.236138 0.251140 -0.256388 0.211414 -0.093663 0.265605 -0.272689 2.527052 2.450686 59.140000
-0.236138 0.251140 -0.256388 0.211414 -0.174082 0.265605 -0.272689 2.080154 0.541022 8.390000
-0.236138 0.251140 -0.256388 0.211414 -0.180533 0.265605 -0.272689 2.046315 0.647701 6.870000
-0.236138 0.251140 -0.256388 0.211414 -0.180702 0.265605 -0.272689 2.045434 0.651134 6.840000
-0.236138 0.251140 -0.256388 0.211414 -0.181266 0.265605 -0.272689 2.042496 0.662777 6.750000
-0.236138 0.251140 -0.256388 0.211414 -0.180917 0.265605 -0.272689 2.044314 0.655539 6.810000
-0.236138 0.251140 -0.256388 0.211414 -0.180735 0.265605 -0.272689 2.045262 0.651807 6.830000
-0.236138 0.251140 -0.256388 0.211414 -0.180805 0.265605 -0.272689 2.044897 0.653239 6.830000
-0.236138 0.251140 -0.256388 0.211414 -0.180768 0.265605 -0.272689 2.045090 0.652482 6.830000
-0.236138 0.251140 -0.256388 0.211414 -0.180735 0.153404 -0.272689 9.192945 1.748164 68.290000
-0.236138 0.251140 -0.256388 0.211414 -0.180735 0.247596 -0.272689 2.743855 0.759445 18.050000
-0.236138 0.251140 -0.256388 0.211414 -0.180735 0.305809 -0.272689 2.994504 0.699784 16.370000
-0.236138 0.251140 -0.256388 0.211414 -0.180735 0.277427 -0.272689 1.964272 0.620579 4.250000
-0.236138 0.251140 -0.256388 0.211414 -0.180735 0.283204 -0.272689 2.056714 0.619123 4.570000
-0.236138 0.251140 -0.256388 0.211414 -0.180735 0.289568 -0.272689 2.244546 0.628391 5.930000
-0.236138 0.251140 -0.256388 0.211414 -0.180735 0.295772 -0.272689 2.494815 0.648034 9.040000
-0.236138 0.251140 -0.256388 0.211414 -0.180735 0.292637 -0.272689 2.361310 0.636841 7.370000
-0.236138 0.251140 -0.256388 0.211414 -0.180735 0.292604 -0.272689 2.359977 0.636737 7.330000
-0.236138 0.251140 -0.256388 0.211414 -0.180735 0.291212 -0.272689 2.305239 0.632603 6.600000
-0.236138 0.251140 -0.256388 0.211414 -0.180735 0.290584 -0.272689 2.281532 0.630908 6.270000
-0.236138 0.251140 -0.256388 0.211414 -0.180735 0.291007 -0.272689 2.297431 0.632038 6.490000
-0.236138 0.251140 -0.256388 0.211414 -0.180735 0.290913 -0.272689 2.293873 0.631783 6.430000
-0.236138 0.251140 -0.256388 0.211414 -0.180735 0.290787 -0.272689 2.289126 0.631444 6.350000
-0.236138 0.251140 -0.256388 0.211414 -0.180735 0.290710 -0.272689 2.286237 0.631240 6.330000
-0.236138 0.251140 -0.256388 0.211414 -0.180735 0.290821 -0.272689 2.290404 0.631535 6.350000
-0.236138 0.251140 -0.256388 0.211414 -0.180735 0.290854 -0.272689 2.291647 0.631624 6.390000
-0.236138 0.251140 -0.256388 0.211414 -0.180735 0.290821 -0.246832 2.573088 1.049792 13.460000
-0.236138 0.251140 -0.256388 0.211414 -0.180735 0.290821 -0.152168 4.071151 3.468052 55.030000
-0.236138 0.251140 -0.256388 0.211414 -0.180735 0.290821 -0.305337 2.098343 0.900545 4.610000
-0.236138 0.251140 -0.256388 0.211414 -0.180735 0.290821 -0.279863 2.230208 0.605794 5.550000
-0.236138 0.251140 -0.256388 0.211414 -0.180735 0.290821 -0.282441 2.210848 0.610383 5.370000
-0.236138 0.251140 -0.256388 0.211414 -0.180735 0.290821 -0.270907 2.306730 0.646233 6.790000
-0.236138 0.251140 -0.256388 0.211414 -0.180735 0.290821 -0.276442 2.257781 0.611109 5.970000
-0.236138 0.251140 -0.256388 0.211414 -0.180735 0.290821 -0.278384 2.241869 0.606495 5.720000
-0.236138 0.251140 -0.256388 0.211414 -0.180735 0.290821 -0.278624 2.239950 0.606216 5.670000
-0.236138 0.251140 -0.256388 0.211414 -0.180735 0.290821 -0.279094 2.236221 0.605854 5.650000
-0.236138 0.251140 -0.256388 0.211414 -0.180735 0.290821 -0.278804 2.238517 0.606048 5.660000
-0.236138 0.251140 -0.256388 0.211414 -0.180735 0.290821 -0.278657 2.239687 0.606182 5.670000
-0.236138 0.251140 -0.256388 0.211414 -0.180735 0.290821 -0.278532 2.240684 0.606315 5.690000
-0.236138 0.251140 -0.256388 0.211414 -0.180735 0.290821 -0.278591 2.240213 0.606250 5.670000
-0.135817 0.251389 -0.254878 0.205703 -0.177581 0.316037 -0.284493 3.826316 0.690576 30.410000
-0.246832 0.251140 -0.256388 0.211414 -0.180735 0.290821 -0.278591 2.274076 0.622400 5.700000
-0.152168 0.251140 -0.256388 0.211414 -0.180735 0.290821 -0.278591 2.043446 0.515574 8.900000
-0.305337 0.251140 -0.256388 0.211414 -0.180735 0.290821 -0.278591 2.490486 0.722013 7.500000
-0.286907 0.251140 -0.256388 0.211414 -0.180735 0.290821 -0.278591 2.416895 0.688924 6.770000
-0.290706 0.251140 -0.256388 0.211414 -0.180735 0.290821 -0.278591 2.431673 0.695636 6.930000
-0.271599 0.251140 -0.256388 0.211414 -0.180735 0.290821 -0.278591 2.359468 0.662526 6.290000
-0.281060 0.251140 -0.256388 0.211414 -0.180735 0.290821 -0.278591 2.394555 0.678714 6.560000
-0.286046 0.251140 -0.256388 0.211414 -0.180735 0.290821 -0.278591 2.413574 0.687411 6.770000
-0.288358 0.251140 -0.256388 0.211414 -0.180735 0.290821 -0.278591 2.422515 0.691480 6.840000
-0.287461 0.251140 -0.256388 0.211414 -0.180735 0.290821 -0.278591 2.419037 0.689899 6.820000
-0.286578 0.251140 -0.256388 0.211414 -0.180735 0.290821 -0.278591 2.415624 0.688345 6.770000
-0.287118 0.251140 -0.256388 0.211414 -0.180735 0.290821 -0.278591 2.417710 0.689295 6.780000
-0.286961 0.251140 -0.256388 0.211414 -0.180735 0.290821 -0.278591 2.417103 0.689019 6.770000
-0.286998 0.251140 -0.256388 0.211414 -0.180735 0.290821 -0.278591 2.417246 0.689084 6.770000
-0.287044 0.251140 -0.256388 0.211414 -0.180735 0.290821 -0.278591 2.417424 0.689165 6.770000
-0.287077 0.251140 -0.256388 0.211414 -0.180735 0.290821 -0.278591 2.417552 0.689223 6.770000
-0.287077 0.153404 -0.256388 0.211414 -0.180735 0.290821 -0.278591 5.850221 1.162466 67.600000
-0.287077 0.247596 -0.256388 0.211414 -0.180735 0.290821 -0.278591 2.502085 0.694512 7.290000
-0.287077 0.305809 -0.256388 0.211414 -0.180735 0.290821 -0.278591 2.049138 0.815373 41.210000
-0.287077 0.252523 -0.256388 0.211414 -0.180735 0.290821 -0.278591 2.386051 0.687579 6.580000
-0.287077 0.245017 -0.256388 0.211414 -0.180735 0.290821 -0.278591 2.566857 0.699305 7.730000
-0.287077 0.242588 -0.256388 0.211414 -0.180735 0.290821 -0.278591 2.630208 0.704521 8.140000
-0.287077 0.208523 -0.256388 0.211414 -0.180735 0.290821 -0.278591 3.699913 0.835069 34.460000
-0.287077 0.240465 -0.256388 0.211414 -0.180735 0.290821 -0.278591 2.687343 0.709618 8.500000
-0.287077 0.241187 -0.256388 0.211414 -0.180735 0.290821 -0.278591 2.667733 0.707829 8.300000
-0.287077 0.241501 -0.256388 0.211414 -0.180735 0.290821 -0.278591 2.659262 0.707069 8.280000
-0.287077 0.241090 -0.256388 0.211414 -0.180735 0.290821 -0.278591 2.670357 0.708066 8.370000
-0.287077 0.241311 -0.256388 0.211414 -0.180735 0.290821 -0.278591 2.664383 0.707528 8.290000
-0.287077 0.241234 -0.256388 0.211414 -0.180735 0.290821 -0.278591 2.666463 0.707715 8.300000
-0.287077 0.241150 -0.256388 0.211414 -0.180735 0.290821 -0.278591 2.668733 0.707920 8.320000
-0.287077 0.241187 -0.246832 0.211414 -0.180735 0.290821 -0.278591 2.635616 0.732067 8.520000
-0.287077 0.241187 -0.152168 0.211414 -0.180735 0.290821 -0.278591 2.350232 2.713356 27.950000
-0.287077 0.241187 -0.305337 0.211414 -0.180735 0.290821 -0.278591 2.840868 1.438762 16.310000
-0.287077 0.241187 -0.256538 0.211414 -0.180735 0.290821 -0.278591 2.668241 0.708085 8.310000
-0.287077 0.241187 -0.256055 0.211414 -0.180735 0.290821 -0.278591 2.666604 0.707332 8.330000
-0.287077 0.241187 -0.275177 0.211414 -0.180735 0.290821 -0.278591 2.732515 0.873044 9.440000
-0.287077 0.241187 -0.263658 0.211414 -0.180735 0.290821 -0.278591 2.692544 0.742054 8.580000
-0.287077 0.241187 -0.258596 0.211414 -0.180735 0.290821 -0.278591 2.675234 0.713564 8.360000
-0.287077 0.241187 -0.257330 0.211414 -0.180735 0.290821 -0.278591 2.670929 0.709760 8.340000
-0.287077 0.241187 -0.256840 0.211414 -0.180735 0.290821 -0.278591 2.669266 0.708659 8.330000
-0.287077 0.241187 -0.256354 0.211414 -0.180735 0.290821 -0.278591 2.667618 0.707774 8.300000
-0.287077 0.241187 -0.256240 0.211414 -0.180735 0.290821 -0.278591 2.667231 0.707597 8.310000
-0.287077 0.241187 -0.256405 0.211414 -0.180735 0.290821 -0.278591 2.667790 0.707857 8.300000
-0.287077 0.241187 -0.256439 0.211414 -0.180735 0.290821 -0.278591 2.667906 0.707914 8.300000
-0.287077 0.241187 -0.256477 0.211414 -0.180735 0.290821 -0.278591 2.668035 0.707979 8.300000
-0.287077 0.241187 -0.256477 0.153404 -0.180735 0.290821 -0.278591 3.794756 0.877565 21.680000
-0.287077 0.241187 -0.256477 0.247596 -0.180735 0.290821 -0.278591 2.042292 0.610918 3.080000
-0.287077 0.241187 -0.256477 0.305809 -0.180735 0.290821 -0.278591 1.372471 0.484525 3.420000
-0.287077 0.241187 -0.256477 0.229100 -0.180735 0.290821 -0.278591 2.351191 0.659354 5.130000
-0.287077 0.241187 -0.256477 0.221171 -0.180735 0.290821 -0.278591 2.491066 0.680910 6.350000
-0.287077 0.241187 -0.256477 0.220163 -0.180735 0.290821 -0.278591 2.509115 0.683680 6.580000
-0.287077 0.241187 -0.256477 0.223303 -0.180735 0.290821 -0.278591 2.453083 0.675072 6.050000
-0.287077 0.241187 -0.256477 0.221627 -0.180735 0.290821 -0.278591 2.482920 0.679659 6.300000
-0.287077 0.241187 -0.256477 0.221019 -0.180735 0.290821 -0.278591 2.493784 0.681327 6.360000
-0.287077 0.241187 -0.256477 0.220692 -0.180735 0.290821 -0.278591 2.499636 0.682225 6.450000
-0.287077 0.241187 -0.256477 0.220975 -0.180735 0.290821 -0.278591 2.494571 0.681448 6.360000
-0.287077 0.241187 -0.256477 0.220867 -0.180735 0.290821 -0.278591 2.496504 0.681744 6.390000
-0.287077 0.241187 -0.256477 0.220941 -0.180735 0.290821 -0.278591 2.495180 0.681541 6.360000
-0.287077 0.241187 -0.256477 0.220908 -0.180735 0.290821 -0.278591 2.495770 0.681632 6.370000
-0.287077 0.241187 -0.256477 0.220941 -0.246832 0.290821 -0.278591 2.540975 2.830579 32.900000
-0.287077 0.241187 -0.256477 0.220941 -0.152168 0.290821 -0.278591 2.475429 0.826121 18.290000
-0.287077 0.241187 -0.256477 0.220941 -0.093663 0.290821 -0.278591 2.435060 2.830361 56.120000
-0.287077 0.241187 -0.256477 0.220941 -0.175589 0.290821 -0.278591 2.491620 0.587460 6.810000
-0.287077 0.241187 -0.256477 0.220941 -0.179257 0.290821 -0.278591 2.494157 0.650487 6.450000
-0.287077 0.241187 -0.256477 0.220941 -0.179224 0.290821 -0.278591 2.494134 0.649826 6.440000
-0.287077 0.241187 -0.256477 0.220941 -0.177703 0.290821 -0.278591 2.493082 0.621116 6.520000
-0.287077 0.241187 -0.256477 0.220941 -0.178643 0.290821 -0.278591 2.493732 0.638454 6.510000
-0.287077 0.241187 -0.256477 0.220941 -0.179002 0.290821 -0.278591 2.493981 0.645424 6.480000
-0.287077 0.241187 -0.256477 0.220941 -0.179139 0.290821 -0.278591 2.494075 0.648133 6.460000
-0.287077 0.241187 -0.256477 0.220941 -0.179191 0.290821 -0.278591 2.494111 0.649168 6.440000
-0.287077 0.241187 -0.256477 0.220941 -0.179191 0.153404 -0.278591 10.199327 1.882019 71.490000
-0.287077 0.241187 -0.256477 0.220941 -0.179191 0.247596 -0.278591 2.087800 0.915459 11.380000
-0.287077 0.241187 -0.256477 0.220941 -0.179191 0.305809 -0.278591 3.655650 0.638842 22.810000
-0.287077 0.241187 -0.256477 0.220941 -0.179191 0.275489 -0.278591 1.525900 0.711281 0.690000
-0.287077 0.241187 -0.256477 0.220941 -0.179191 0.245686 -0.278591 2.222064 0.932221 13.080000
-0.287077 0.241187 -0.256477 0.220941 -0.179191 0.210438 -0.278591 5.103837 1.274116 46.210000
-0.287077 0.241187 -0.256477 0.220941 -0.179191 0.232222 -0.278591 3.263208 1.056682 26.700000
-0.287077 0.241187 -0.256477 0.220941 -0.179191 0.240543 -0.278591 2.603948 0.978556 17.660000
-0.287077 0.241187 -0.256477 0.220941 -0.179191 0.244211 -0.278591 2.328858 0.945337 14.590000
-0.287077 0.241187 -0.256477 0.220941 -0.179191 0.245270 -0.278591 2.251929 0.935905 13.500000
-0.287077 0.241187 -0.256477 0.220941 -0.179191 0.245401 -0.278591 2.242502 0.934744 13.320000
-0.287077 0.241187 -0.256477 0.220941 -0.179191 0.245475 -0.278591 2.237186 0.934088 13.270000
-0.287077 0.241187 -0.256477 0.220941 -0.179191 0.245367 -0.278591 2.244947 0.935045 13.350000
-0.287077 0.241187 -0.256477 0.220941 -0.179191 0.245334 -0.278591 2.247321 0.935337 13.400000
-0.287077 0.241187 -0.256477 0.220941 -0.179191 0.245367 -0.246832 1.518749 0.710111 5.350000
-0.287077 0.241187 -0.256477 0.220941 -0.179191 0.245367 -0.152168 2.163808 2.409963 20.430000
-0.287077 0.241187 -0.256477 0.220941 -0.179191 0.245367 -0.305337 2.970503 1.401272 23.120000
-0.287077 0.241187 -0.256477 0.220941 -0.179191 0.245367 -0.265668 1.923909 0.774855 9.800000
-0.287077 0.241187 -0.256477 0.220941 -0.179191 0.245367 -0.272745 2.096525 0.854226 11.540000
-0.287077 0.241187 -0.256477 0.220941 -0.179191 0.245367 -0.285194 2.417782 1.038446 15.640000
-0.287077 0.241187 -0.256477 0.220941 -0.179191 0.245367 -0.275852 2.174819 0.895724 12.370000
-0.287077 0.241187 -0.256477 0.220941 -0.179191 0.245367 -0.276479 2.190784 0.904512 12.610000
-0.287077 0.241187 -0.256477 0.220941 -0.179191 0.245367 -0.275165 2.157388 0.886248 12.180000
-0.287077 0.241187 -0.256477 0.220941 -0.179191 0.245367 -0.275725 2.171591 0.893960 12.310000
-0.287077 0.241187 -0.256477 0.220941 -0.179191 0.245367 -0.275563 2.167478 0.891718 12.270000
-0.287077 0.241187 -0.256477 0.220941 -0.179191 0.245367 -0.275686 2.170601 0.893419 12.310000
-0.287077 0.241187 -0.256477 0.220941 -0.179191 0.245367 -0.275774 2.172836 0.894640 12.330000
