-0.287077 0.241187 -0.256477 0.220941 -0.179191 0.290821 -0.278591 1.689930 0.796254 0.790000 18.830489
-0.246832 0.241187 -0.256477 0.220941 -0.179191 0.290821 -0.278591 1.460071 0.708521 0.500000 24.648608
-0.152168 0.241187 -0.256477 0.220941 -0.179191 0.290821 -0.278591 1.042132 0.525179 1.960000 40.298804
-0.305337 0.241187 -0.256477 0.220941 -0.179191 0.290821 -0.278591 1.800888 0.836882 1.050000 16.563604
-0.341495 0.241187 -0.256477 0.220941 -0.179191 0.290821 -0.278591 2.030521 0.918143 2.040000 13.187328
-0.363842 0.241187 -0.256477 0.220941 -0.179191 0.290821 -0.278591 2.178127 0.968627 3.380000 12.330872
-0.373034 0.241187 -0.256477 0.220941 -0.179191 0.290821 -0.278591 2.239963 0.989409 4.200000 12.371778
-0.366797 0.241187 -0.256477 0.220941 -0.179191 0.290821 -0.278591 2.197937 0.975308 3.640000 12.332228
-0.364961 0.241187 -0.256477 0.220941 -0.179191 0.290821 -0.278591 2.185621 0.971157 3.460000 12.312026
-0.365295 0.241187 -0.256477 0.220941 -0.179191 0.290821 -0.278591 2.187859 0.971912 3.470000 12.292735
-0.365869 0.241187 -0.256477 0.220941 -0.179191 0.290821 -0.278591 2.191709 0.973210 3.560000 12.332626
-0.365514 0.241187 -0.256477 0.220941 -0.179191 0.290821 -0.278591 2.189328 0.972407 3.520000 12.323582
-0.365209 0.241187 -0.256477 0.220941 -0.179191 0.290821 -0.278591 2.187283 0.971718 3.460000 12.290267
-0.365242 0.241187 -0.256477 0.220941 -0.179191 0.290821 -0.278591 2.187504 0.971792 3.460000 12.287376
-0.365242 0.153404 -0.256477 0.220941 -0.179191 0.290821 -0.278591 6.291757 1.166869 69.600000 182.403794
-0.365242 0.247596 -0.256477 0.220941 -0.179191 0.290821 -0.278591 1.922777 0.964236 1.470000 15.229244
-0.365242 0.305809 -0.256477 0.220941 -0.179191 0.290821 -0.278591 1.099610 0.964050 33.040000 71.308236
-0.365242 0.249893 -0.256477 0.220941 -0.179191 0.290821 -0.278591 1.830154 0.961843 1.150000 16.968394
-0.365242 0.211618 -0.256477 0.220941 -0.179191 0.290821 -0.278591 3.489512 1.021363 36.770000 41.884410
-0.365242 0.239073 -0.256477 0.220941 -0.179191 0.290821 -0.278591 2.276579 0.974559 4.880000 12.365445
-0.365242 0.239016 -0.256477 0.220941 -0.179191 0.290821 -0.278591 2.278991 0.974635 4.930000 12.381323
-0.365242 0.240991 -0.256477 0.220941 -0.179191 0.290821 -0.278591 2.195729 0.972043 3.630000 12.326766
-0.365242 0.243514 -0.256477 0.220941 -0.179191 0.290821 -0.278591 2.090408 0.968902 2.480000 12.952268
-0.365242 0.240109 -0.256477 0.220941 -0.179191 0.290821 -0.278591 2.232827 0.973187 4.230000 12.354593
-0.365242 0.241955 -0.256477 0.220941 -0.179191 0.290821 -0.278591 2.155344 0.970820 3.130000 12.481151
-0.365242 0.241360 -0.256477 0.220941 -0.179191 0.290821 -0.278591 2.180250 0.971572 3.380000 12.323698
-0.365242 0.241400 -0.256477 0.220941 -0.179191 0.290821 -0.278591 2.178574 0.971521 3.350000 12.320731
-0.365242 0.241612 -0.256477 0.220941 -0.179191 0.290821 -0.278591 2.169694 0.971252 3.270000 12.384872
-0.365242 0.241481 -0.256477 0.220941 -0.179191 0.290821 -0.278591 2.175180 0.971418 3.300000 12.325632
-0.365242 0.241434 -0.256477 0.220941 -0.179191 0.290821 -0.278591 2.177149 0.971478 3.320000 12.313750
-0.365242 0.241434 -0.246832 0.220941 -0.179191 0.290821 -0.278591 2.117165 1.016463 2.740000 13.201321
-0.365242 0.241434 -0.152168 0.220941 -0.179191 0.290821 -0.278591 1.557977 2.123178 9.350000 56.491361
-0.365242 0.241434 -0.305337 0.220941 -0.179191 0.290821 -0.278591 2.488057 1.090830 14.040000 20.151648
-0.365242 0.241434 -0.260292 0.220941 -0.179191 0.290821 -0.278591 2.201008 0.959807 3.780000 12.278109
-0.365242 0.241434 -0.261806 0.220941 -0.179191 0.290821 -0.278591 2.210496 0.956182 3.980000 12.294184
-0.365242 0.241434 -0.260045 0.220941 -0.179191 0.290821 -0.278591 2.199461 0.960453 3.770000 12.298798
-0.365242 0.241434 -0.260950 0.220941 -0.179191 0.290821 -0.278591 2.205130 0.958160 3.890000 12.307291
-0.365242 0.241434 -0.260543 0.220941 -0.179191 0.290821 -0.278591 2.202580 0.959166 3.800000 12.267120
-0.365242 0.241434 -0.260698 0.220941 -0.179191 0.290821 -0.278591 2.203551 0.958778 3.840000 12.288082
-0.365242 0.241434 -0.260467 0.220941 -0.179191 0.290821 -0.278591 2.202104 0.959358 3.800000 12.276482
-0.365242 0.241434 -0.260602 0.220941 -0.179191 0.290821 -0.278591 2.202950 0.959017 3.810000 12.269864
-0.365242 0.241434 -0.260510 0.220941 -0.179191 0.290821 -0.278591 2.202373 0.959249 3.800000 12.271183
-0.365242 0.241434 -0.260543 0.096110 -0.179191 0.290821 -0.278591 2.960232 1.442569 14.530000 23.430183
-0.365242 0.241434 -0.260543 0.154890 -0.179191 0.290821 -0.278591 2.545938 1.214468 7.390000 14.556372
-0.365242 0.241434 -0.260543 0.191219 -0.179191 0.290821 -0.278591 2.338010 1.073593 4.850000 12.522402
-0.365242 0.241434 -0.260543 0.201088 -0.179191 0.290821 -0.278591 2.289292 1.035476 4.510000 12.428404
-0.365242 0.241434 -0.260543 0.200889 -0.179191 0.290821 -0.278591 2.290239 1.036244 4.530000 12.443182
-0.365242 0.241434 -0.260543 0.219771 -0.179191 0.290821 -0.278591 2.207252 0.963646 3.830000 12.264164
-0.365242 0.241434 -0.260543 0.211701 -0.179191 0.290821 -0.278591 2.240998 0.994610 4.140000 12.347237
-0.365242 0.241434 -0.260543 0.231317 -0.179191 0.290821 -0.278591 2.163653 0.919552 3.650000 12.405002
-0.365242 0.241434 -0.260543 0.220225 -0.179191 0.290821 -0.278591 2.205433 0.961907 3.810000 12.256957
-0.365242 0.241434 -0.260543 0.224462 -0.179191 0.290821 -0.278591 2.188862 0.945699 3.790000 12.355929
-0.365242 0.241434 -0.260543 0.221844 -0.179191 0.290821 -0.278591 2.199012 0.955710 3.810000 12.302523
-0.365242 0.241434 -0.260543 0.220371 -0.179191 0.290821 -0.278591 2.204849 0.961348 3.800000 12.251069
-0.365242 0.241434 -0.260543 0.220934 -0.179191 0.290821 -0.278591 2.202608 0.959193 3.800000 12.266923
-0.365242 0.241434 -0.260543 0.220586 -0.179191 0.290821 -0.278591 2.203992 0.960525 3.800000 12.257125
-0.365242 0.241434 -0.260543 0.220405 -0.179191 0.290821 -0.278591 2.204713 0.961218 3.800000 12.252027
-0.365242 0.241434 -0.260543 0.220338 -0.179191 0.290821 -0.278591 2.204981 0.961474 3.800000 12.250140
-0.365242 0.241434 -0.260543 0.220295 -0.179191 0.290821 -0.278591 2.205153 0.961639 3.810000 12.258928
-0.365242 0.241434 -0.260543 0.220338 -0.154127 0.290821 -0.278591 2.192666 0.587658 5.790000 12.384726
-0.365242 0.241434 -0.260543 0.220338 -0.094873 0.290821 -0.278591 2.163557 2.261733 43.960000 81.993391
-0.365242 0.241434 -0.260543 0.220338 -0.190747 0.290821 -0.278591 2.210659 1.302222 4.990000 17.656190
-0.365242 0.241434 -0.260543 0.220338 -0.167204 0.290821 -0.278591 2.199091 0.677679 3.420000 10.150251
-0.365242 0.241434 -0.260543 0.220338 -0.167054 0.290821 -0.278591 2.199017 0.674985 3.440000 10.161931
-0.365242 0.241434 -0.260543 0.220338 -0.172552 0.290821 -0.278591 2.201719 0.790193 3.570000 10.784653
-0.365242 0.241434 -0.260543 0.220338 -0.169247 0.290821 -0.278591 2.200095 0.717115 3.440000 10.309875
-0.365242 0.241434 -0.260543 0.220338 -0.167677 0.290821 -0.278591 2.199323 0.686362 3.410000 10.168139
-0.365242 0.241434 -0.260543 0.220338 -0.167339 0.290821 -0.278591 2.199157 0.680128 3.430000 10.167952
-0.365242 0.241434 -0.260543 0.220338 -0.167171 0.290821 -0.278591 2.199075 0.677083 3.440000 10.168399
-0.365242 0.241434 -0.260543 0.220338 -0.167237 0.290821 -0.278591 2.199107 0.678275 3.430000 10.162114
-0.365242 0.241434 -0.260543 0.220338 -0.167204 0.153404 -0.278591 14.447329 1.788995 80.130000 1407.158470
-0.365242 0.241434 -0.260543 0.220338 -0.167204 0.247596 -0.278591 3.088640 0.894110 28.010000 29.641796
-0.365242 0.241434 -0.260543 0.220338 -0.167204 0.305809 -0.278591 3.878913 0.680051 24.190000 32.239069
-0.365242 0.241434 -0.260543 0.220338 -0.167204 0.276470 -0.278591 0.833209 0.717992 2.810000 50.235053
-0.365242 0.241434 -0.260543 0.220338 -0.167204 0.211618 -0.278591 7.342534 1.208039 60.990000 254.579192
-0.365242 0.241434 -0.260543 0.220338 -0.167204 0.233853 -0.278591 4.693986 1.006142 42.970000 74.227674
-0.365242 0.241434 -0.260543 0.220338 -0.167204 0.258625 -0.278591 1.846632 0.815177 13.690000 27.985938
-0.365242 0.241434 -0.260543 0.220338 -0.167204 0.271297 -0.278591 0.758678 0.741471 3.040000 53.858310
-0.365242 0.241434 -0.260543 0.220338 -0.167204 0.263465 -0.278591 1.341756 0.784579 7.930000 36.237577
-0.365242 0.241434 -0.260543 0.220338 -0.167204 0.254412 -0.278591 2.312126 0.843939 19.440000 25.354645
-0.365242 0.241434 -0.260543 0.220338 -0.167204 0.253771 -0.278591 2.384174 0.848475 20.340000 25.346758
-0.365242 0.241434 -0.260543 0.220338 -0.167204 0.254043 -0.278591 2.353570 0.846545 19.980000 25.359652
-0.365242 0.241434 -0.260543 0.220338 -0.167204 0.251412 -0.278591 2.651325 0.865504 23.520000 26.071676
-0.365242 0.241434 -0.260543 0.220338 -0.167204 0.252870 -0.278591 2.485862 0.854917 21.520000 25.423037
-0.365242 0.241434 -0.260543 0.220338 -0.167204 0.253427 -0.278591 2.422944 0.850925 20.720000 25.281425
-0.365242 0.241434 -0.260543 0.220338 -0.167204 0.253214 -0.278591 2.446983 0.852448 21.000000 25.300469
-0.365242 0.241434 -0.260543 0.220338 -0.167204 0.253393 -0.278591 2.426779 0.851168 20.730000 25.249010
-0.365242 0.241434 -0.260543 0.220338 -0.167204 0.253328 -0.278591 2.434114 0.851632 20.840000 25.278725
-0.365242 0.241434 -0.260543 0.220338 -0.167204 0.253393 -0.246832 1.247474 0.771114 9.170000 40.618509
-0.365242 0.241434 -0.260543 0.220338 -0.167204 0.253393 -0.152168 2.731249 2.528924 25.990000 67.877590
-0.365242 0.241434 -0.260543 0.220338 -0.167204 0.253393 -0.305337 3.491428 1.259086 31.400000 39.577129
-0.365242 0.241434 -0.260543 0.220338 -0.167204 0.253393 -0.281130 2.526166 0.881580 21.930000 25.631215
-0.365242 0.241434 -0.260543 0.220338 -0.167204 0.253393 -0.276598 2.349086 0.829125 20.060000 25.380129
-0.365242 0.241434 -0.260543 0.220338 -0.167204 0.253393 -0.277335 2.377782 0.837079 20.340000 25.347774
-0.365242 0.241434 -0.260543 0.220338 -0.167204 0.253393 -0.277805 2.396103 0.842273 20.460000 25.278422
-0.365242 0.241434 -0.260543 0.220338 -0.167204 0.253393 -0.279075 2.445691 0.856771 20.940000 25.285443
-0.365242 0.241434 -0.260543 0.220338 -0.167204 0.253393 -0.278409 2.419672 0.849086 20.690000 25.276412
-0.365242 0.241434 -0.260543 0.220338 -0.167204 0.253393 -0.278232 2.412763 0.847074 20.640000 25.293078
-0.365242 0.241434 -0.260543 0.220338 -0.167204 0.253393 -0.278663 2.429591 0.851995 20.750000 25.242667
-0.365242 0.241434 -0.260543 0.220338 -0.167204 0.253393 -0.278821 2.435764 0.853819 20.840000 25.275500
-0.365242 0.241434 -0.260543 0.220338 -0.167204 0.253393 -0.278616 2.427756 0.851455 20.730000 25.239842
-0.365242 0.241434 -0.260543 0.220338 -0.167204 0.253393 -0.278583 2.426467 0.851076 20.730000 25.251948
