-0.392963 0.256994 -0.253581 0.207250 -0.182437 0.286480 -0.273941 2.574650 0.965908 8.450000 53.662438
-0.246832 0.256994 -0.253581 0.207250 -0.182437 0.286480 -0.273941 2.184517 0.683560 6.330000 35.042903
-0.152168 0.256994 -0.253581 0.207250 -0.182437 0.286480 -0.273941 2.009248 0.627554 13.090000 36.030980
-0.305337 0.256994 -0.253581 0.207250 -0.182437 0.286480 -0.273941 2.324568 0.778754 6.430000 40.497534
-0.207211 0.256994 -0.253581 0.207250 -0.182437 0.286480 -0.273941 2.103113 0.642287 7.810000 33.712181
-0.206025 0.256994 -0.253581 0.207250 -0.182437 0.286480 -0.273941 2.100852 0.641414 7.910000 33.737240
-0.214499 0.256994 -0.253581 0.207250 -0.182437 0.286480 -0.273941 2.117238 0.648141 7.360000 33.734051
-0.209994 0.256994 -0.253581 0.207250 -0.182437 0.286480 -0.273941 2.108461 0.644423 7.620000 33.700056
-0.209936 0.256994 -0.253581 0.207250 -0.182437 0.286480 -0.273941 2.108349 0.644377 7.620000 33.696320
-0.208689 0.256994 -0.253581 0.207250 -0.182437 0.286480 -0.273941 2.105946 0.643406 7.680000 33.676293
-0.208125 0.256994 -0.253581 0.207250 -0.182437 0.286480 -0.273941 2.104863 0.642975 7.710000 33.670286
-0.207775 0.256994 -0.253581 0.207250 -0.182437 0.286480 -0.273941 2.104193 0.642710 7.760000 33.698000
-0.208340 0.256994 -0.253581 0.207250 -0.182437 0.286480 -0.273941 2.105276 0.643138 7.710000 33.683998
-0.207991 0.256994 -0.253581 0.207250 -0.182437 0.286480 -0.273941 2.104607 0.642873 7.720000 33.671748
-0.208235 0.256994 -0.253581 0.207250 -0.182437 0.286480 -0.273941 2.105075 0.643058 7.710000 33.677300
-0.208074 0.256994 -0.253581 0.207250 -0.182437 0.286480 -0.273941 2.104766 0.642936 7.710000 33.667036
-0.208040 0.256994 -0.253581 0.207250 -0.182437 0.286480 -0.273941 2.104700 0.642910 7.710000 33.664869
-0.208040 0.153404 -0.253581 0.207250 -0.182437 0.286480 -0.273941 3.554066 1.193264 59.540000 157.619358
-0.208040 0.247596 -0.253581 0.207250 -0.182437 0.286480 -0.273941 2.192198 0.621886 5.480000 34.263898
-0.208040 0.305809 -0.253581 0.207250 -0.182437 0.286480 -0.273941 1.857402 1.018014 47.320000 68.428773
-0.208040 0.253121 -0.253581 0.207250 -0.182437 0.286480 -0.273941 2.139360 0.631677 6.550000 33.598416
-0.208040 0.254844 -0.253581 0.207250 -0.182437 0.286480 -0.273941 2.123694 0.636236 7.080000 33.629438
-0.208040 0.253511 -0.253581 0.207250 -0.182437 0.286480 -0.273941 2.135780 0.632647 6.670000 33.603719
-0.208040 0.251010 -0.253581 0.207250 -0.182437 0.286480 -0.273941 2.159085 0.627061 6.010000 33.697080
-0.208040 0.251264 -0.253581 0.207250 -0.182437 0.286480 -0.273941 2.156681 0.627559 6.070000 33.678640
-0.208040 0.252411 -0.253581 0.207250 -0.182437 0.286480 -0.273941 2.145930 0.630004 6.340000 33.599858
-0.208040 0.252838 -0.253581 0.207250 -0.182437 0.286480 -0.273941 2.141971 0.630996 6.460000 33.592287
-0.208040 0.252785 -0.253581 0.207250 -0.182437 0.286480 -0.273941 2.142461 0.630870 6.450000 33.598054
-0.208040 0.252951 -0.253581 0.207250 -0.182437 0.286480 -0.273941 2.140927 0.631265 6.480000 33.578733
-0.208040 0.253016 -0.253581 0.207250 -0.182437 0.286480 -0.273941 2.140328 0.631422 6.500000 33.579471
-0.208040 0.252918 -0.253581 0.207250 -0.182437 0.286480 -0.273941 2.141232 0.631186 6.480000 33.588523
-0.208040 0.252951 -0.246832 0.207250 -0.182437 0.286480 -0.273941 2.137385 0.736670 7.650000 35.020422
-0.208040 0.252951 -0.152168 0.207250 -0.182437 0.286480 -0.273941 2.090081 3.760741 45.600000 177.207912
-0.208040 0.252951 -0.305337 0.207250 -0.182437 0.286480 -0.273941 2.168847 1.639183 14.050000 54.877863
-0.208040 0.252951 -0.261968 0.207250 -0.182437 0.286480 -0.273941 2.145361 0.603825 5.720000 32.899931
-0.208040 0.252951 -0.260735 0.207250 -0.182437 0.286480 -0.273941 2.144707 0.599632 5.800000 32.949882
-0.208040 0.252951 -0.264180 0.207250 -0.182437 0.286480 -0.273941 2.146536 0.618284 5.690000 32.940734
-0.208040 0.252951 -0.262535 0.207250 -0.182437 0.286480 -0.273941 2.145662 0.606696 5.700000 32.895881
-0.208040 0.252951 -0.262481 0.207250 -0.182437 0.286480 -0.273941 2.145634 0.606397 5.690000 32.884301
-0.208040 0.252951 -0.262260 0.207250 -0.182437 0.286480 -0.273941 2.145516 0.605230 5.700000 32.887969
-0.208040 0.252951 -0.262397 0.207250 -0.182437 0.286480 -0.273941 2.145589 0.605943 5.690000 32.881869
-0.208040 0.252951 -0.262363 0.207250 -0.182437 0.286480 -0.273941 2.145571 0.605763 5.690000 32.880893
-0.208040 0.252951 -0.262324 0.207250 -0.182437 0.286480 -0.273941 2.145550 0.605559 5.690000 32.879781
-0.208040 0.252951 -0.262324 0.096110 -0.182437 0.286480 -0.273941 4.867013 0.949959 33.290000 226.022646
-0.208040 0.252951 -0.262324 0.154890 -0.182437 0.286480 -0.273941 3.376513 0.759351 17.910000 101.325911
-0.208040 0.252951 -0.262324 0.191219 -0.182437 0.286480 -0.273941 2.506238 0.650126 8.310000 48.785272
-0.208040 0.252951 -0.262324 0.213671 -0.182437 0.286480 -0.273941 2.007341 0.588545 5.070000 27.869160
-0.208040 0.252951 -0.262324 0.227548 -0.182437 0.286480 -0.273941 1.725819 0.553739 4.720000 19.775192
-0.208040 0.252951 -0.262324 0.236124 -0.182437 0.286480 -0.273941 1.567592 0.533781 5.160000 16.568932
-0.208040 0.252951 -0.262324 0.241424 -0.182437 0.286480 -0.273941 1.477808 0.522124 5.850000 15.415978
-0.208040 0.252951 -0.262324 0.244700 -0.182437 0.286480 -0.273941 1.425967 0.515198 6.440000 15.016458
-0.208040 0.252951 -0.262324 0.248534 -0.182437 0.286480 -0.273941 1.369330 0.507380 7.140000 14.697883
-0.208040 0.252951 -0.262324 0.247070 -0.182437 0.286480 -0.273941 1.390413 0.510328 6.880000 14.809417
-0.208040 0.252951 -0.262324 0.249094 -0.182437 0.286480 -0.273941 1.361450 0.506265 7.240000 14.661360
-0.208040 0.252951 -0.262324 0.249440 -0.182437 0.286480 -0.273941 1.356635 0.505580 7.290000 14.628541
-0.208040 0.252951 -0.262324 0.249654 -0.182437 0.286480 -0.273941 1.353677 0.505157 7.350000 14.637902
-0.208040 0.252951 -0.262324 0.249474 -0.182437 0.286480 -0.273941 1.356164 0.505513 7.310000 14.640466
-0.208040 0.252951 -0.262324 0.249308 -0.182437 0.286480 -0.273941 1.358467 0.505841 7.270000 14.639999
-0.208040 0.252951 -0.262324 0.249390 -0.182437 0.286480 -0.273941 1.357328 0.505679 7.290000 14.640437
-0.208040 0.252951 -0.262324 0.249440 -0.154127 0.286480 -0.273941 1.361708 1.236163 30.790000 43.634764
-0.208040 0.252951 -0.262324 0.249440 -0.094873 0.286480 -0.273941 1.371893 3.942414 65.030000 191.134117
-0.208040 0.252951 -0.262324 0.249440 -0.190747 0.286480 -0.273941 1.355120 0.726645 5.620000 13.445979
-0.208040 0.252951 -0.262324 0.249440 -0.196172 0.286480 -0.273941 1.354125 0.928385 5.400000 14.530428
-0.208040 0.252951 -0.262324 0.249440 -0.189357 0.286480 -0.273941 1.355374 0.679897 5.710000 13.350276
-0.208040 0.252951 -0.262324 0.249440 -0.188262 0.286480 -0.273941 1.355574 0.645106 5.900000 13.430628
-0.208040 0.252951 -0.262324 0.249440 -0.189451 0.286480 -0.273941 1.355357 0.682972 5.700000 13.351142
-0.208040 0.252951 -0.262324 0.249440 -0.189323 0.286480 -0.273941 1.355380 0.678788 5.700000 13.336404
-0.208040 0.252951 -0.262324 0.249440 -0.188918 0.286480 -0.273941 1.355454 0.665714 5.740000 13.332631
-0.208040 0.252951 -0.262324 0.249440 -0.189116 0.286480 -0.273941 1.355418 0.672073 5.720000 13.333493
-0.208040 0.252951 -0.262324 0.249440 -0.188951 0.286480 -0.273941 1.355448 0.666769 5.730000 13.326037
-0.208040 0.252951 -0.262324 0.249440 -0.189015 0.286480 -0.273941 1.355437 0.668821 5.730000 13.332724
-0.208040 0.252951 -0.262324 0.249440 -0.188951 0.153404 -0.273941 16.966660 2.163128 83.620000 2822.788937
-0.208040 0.252951 -0.262324 0.249440 -0.188951 0.247596 -0.273941 4.891567 1.027083 45.480000 241.116733
-0.208040 0.252951 -0.262324 0.249440 -0.188951 0.305809 -0.273941 2.903434 0.591641 12.140000 69.988940
-0.208040 0.252951 -0.262324 0.249440 -0.188951 0.285857 -0.273941 1.347341 0.670807 5.870000 13.341618
-0.208040 0.252951 -0.262324 0.249440 -0.188951 0.286434 -0.273941 1.354700 0.667064 5.730000 13.314221
-0.208040 0.252951 -0.262324 0.249440 -0.188951 0.286305 -0.273941 1.352727 0.667895 5.770000 13.323328
-0.208040 0.252951 -0.262324 0.249440 -0.188951 0.293834 -0.273941 1.732202 0.625995 5.260000 20.601967
-0.208040 0.252951 -0.262324 0.249440 -0.188951 0.289261 -0.273941 1.442691 0.649808 5.210000 14.321083
-0.208040 0.252951 -0.262324 0.249440 -0.188951 0.287514 -0.273941 1.378445 0.660257 5.500000 13.473471
-0.208040 0.252951 -0.262324 0.249440 -0.188951 0.286846 -0.273941 1.362246 0.664437 5.680000 13.385073
-0.208040 0.252951 -0.262324 0.249440 -0.188951 0.286591 -0.273941 1.357352 0.666059 5.730000 13.356282
-0.208040 0.252951 -0.262324 0.249440 -0.188951 0.286494 -0.273941 1.355681 0.666679 5.730000 13.329717
-0.208040 0.252951 -0.262324 0.249440 -0.188951 0.286390 -0.273941 1.354006 0.667347 5.740000 13.313313
-0.208040 0.252951 -0.262324 0.249440 -0.188951 0.286356 -0.273941 1.353485 0.667566 5.750000 13.315147
-0.208040 0.252951 -0.262324 0.249440 -0.188951 0.286390 -0.246832 1.796858 0.754806 6.110000 23.577670
-0.208040 0.252951 -0.262324 0.249440 -0.188951 0.286390 -0.152168 5.029749 3.028169 57.110000 326.212603
-0.208040 0.252951 -0.262324 0.249440 -0.188951 0.286390 -0.305337 1.783372 1.228882 11.550000 33.333134
-0.208040 0.252951 -0.262324 0.249440 -0.188951 0.286390 -0.272288 1.360759 0.651765 5.690000 13.329385
-0.208040 0.252951 -0.262324 0.249440 -0.188951 0.286390 -0.271245 1.366656 0.643185 5.620000 13.335942
-0.208040 0.252951 -0.262324 0.249440 -0.188951 0.286390 -0.271960 1.362478 0.648960 5.640000 13.300572
-0.208040 0.252951 -0.262324 0.249440 -0.188951 0.286390 -0.271790 1.363418 0.647544 5.650000 13.322598
-0.208040 0.252951 -0.262324 0.249440 -0.188951 0.286390 -0.272023 1.362138 0.649491 5.640000 13.296297
-0.208040 0.252951 -0.262324 0.249440 -0.188951 0.286390 -0.272124 1.361603 0.650350 5.650000 13.299646
-0.208040 0.252951 -0.262324 0.249440 -0.188951 0.286390 -0.272057 1.361957 0.649779 5.640000 13.294030
-0.208040 0.252951 -0.262324 0.249440 -0.188951 0.286390 -0.272090 1.361782 0.650060 5.640000 13.291857
-0.023118 0.248909 -0.271067 0.291630 -0.195466 0.286299 -0.270239 2.608497 0.822156 48.840000 94.335439
-0.246832 0.252951 -0.262324 0.249440 -0.188951 0.286390 -0.272090 1.414533 0.715717 2.380000 11.209048
-0.152168 0.252951 -0.262324 0.249440 -0.188951 0.286390 -0.272090 1.385167 0.560304 14.340000 22.211566
-0.305337 0.252951 -0.262324 0.249440 -0.188951 0.286390 -0.272090 1.593924 0.817081 1.210000 14.182094
-0.252786 0.252951 -0.262324 0.249440 -0.188951 0.286390 -0.272090 1.427562 0.725939 2.020000 11.134194
-0.255020 0.252951 -0.262324 0.249440 -0.188951 0.286390 -0.272090 1.432776 0.729782 1.890000 11.118713
-0.274239 0.252951 -0.262324 0.249440 -0.188951 0.286390 -0.272090 1.484752 0.762984 1.410000 11.798970
-0.258937 0.252951 -0.262324 0.249440 -0.188951 0.286390 -0.272090 1.442343 0.736529 1.820000 11.259558
-0.255053 0.252951 -0.262324 0.249440 -0.188951 0.286390 -0.272090 1.432855 0.729839 1.880000 11.110436
-0.256536 0.252951 -0.262324 0.249440 -0.188951 0.286390 -0.272090 1.436415 0.732392 1.850000 11.158791
-0.255620 0.252951 -0.262324 0.249440 -0.188951 0.286390 -0.272090 1.434207 0.730815 1.870000 11.130177
-0.255299 0.252951 -0.262324 0.249440 -0.188951 0.286390 -0.272090 1.433440 0.730262 1.880000 11.123306
-0.255152 0.252951 -0.262324 0.249440 -0.188951 0.286390 -0.272090 1.433090 0.730009 1.880000 11.115609
-0.255086 0.252951 -0.262324 0.249440 -0.188951 0.286390 -0.272090 1.432933 0.729896 1.880000 11.112159
-0.255053 0.153404 -0.262324 0.249440 -0.188951 0.286390 -0.272090 6.028495 1.444681 72.530000 387.096764
-0.255053 0.247596 -0.262324 0.249440 -0.188951 0.286390 -0.272090 1.549975 0.755589 1.340000 13.017742
-0.255053 0.305809 -0.262324 0.249440 -0.188951 0.286390 -0.272090 2.441586 0.720066 55.640000 93.821866
-0.255053 0.256967 -0.262324 0.249440 -0.188951 0.286390 -0.272090 1.373883 0.712783 3.760000 11.849473
-0.255053 0.254294 -0.262324 0.249440 -0.188951 0.286390 -0.272090 1.410179 0.723908 2.360000 11.145609
-0.255053 0.253357 -0.262324 0.249440 -0.188951 0.286390 -0.272090 1.425697 0.728022 2.030000 11.119095
-0.255053 0.253608 -0.262324 0.249440 -0.188951 0.286390 -0.272090 1.421402 0.726910 2.110000 11.114705
-0.255053 0.253641 -0.262324 0.249440 -0.188951 0.286390 -0.272090 1.420845 0.726764 2.140000 11.133779
-0.255053 0.253487 -0.262324 0.249440 -0.188951 0.286390 -0.272090 1.423460 0.727445 2.060000 11.105103
-0.255053 0.253437 -0.262324 0.249440 -0.188951 0.286390 -0.272090 1.424317 0.727667 2.050000 11.111950
-0.255053 0.253520 -0.262324 0.249440 -0.188951 0.286390 -0.272090 1.422897 0.727299 2.080000 11.114033
-0.255053 0.253487 -0.246832 0.249440 -0.188951 0.286390 -0.272090 1.386764 0.761352 3.200000 11.746554
-0.255053 0.253487 -0.152168 0.249440 -0.188951 0.286390 -0.272090 1.341397 3.403489 42.700000 134.081991
-0.255053 0.253487 -0.305337 0.249440 -0.188951 0.286390 -0.272090 1.563294 1.669468 10.270000 35.252511
-0.255053 0.253487 -0.257921 0.249440 -0.188951 0.286390 -0.272090 1.412246 0.704215 2.190000 10.928961
-0.255053 0.253487 -0.256052 0.249440 -0.188951 0.286390 -0.272090 1.407672 0.702268 2.300000 10.947803
-0.255053 0.253487 -0.257717 0.249440 -0.188951 0.286390 -0.272090 1.411741 0.703768 2.210000 10.937932
-0.255053 0.253487 -0.276032 0.249440 -0.188951 0.286390 -0.272090 1.462222 0.933483 2.910000 14.047784
-0.255053 0.253487 -0.264839 0.249440 -0.188951 0.286390 -0.272090 1.430140 0.751658 2.050000 11.334920
-0.255053 0.253487 -0.260564 0.249440 -0.188951 0.286390 -0.272090 1.418904 0.715106 2.140000 11.046552
-0.255053 0.253487 -0.258931 0.249440 -0.188951 0.286390 -0.272090 1.414764 0.707266 2.190000 10.987524
-0.255053 0.253487 -0.258307 0.249440 -0.188951 0.286390 -0.272090 1.413204 0.705217 2.210000 10.970561
-0.255053 0.253487 -0.258069 0.249440 -0.188951 0.286390 -0.272090 1.412613 0.704575 2.170000 10.917129
-0.255053 0.253487 -0.258160 0.249440 -0.188951 0.286390 -0.272090 1.412839 0.704811 2.190000 10.942222
-0.255053 0.253487 -0.258012 0.249440 -0.188951 0.286390 -0.272090 1.412471 0.704433 2.180000 10.923966
-0.255053 0.253487 -0.258103 0.249440 -0.188951 0.286390 -0.272090 1.412697 0.704662 2.170000 10.919025
-0.255053 0.253487 -0.258069 0.096110 -0.188951 0.286390 -0.272090 4.929353 1.128279 34.340000 234.478989
-0.255053 0.253487 -0.258069 0.154890 -0.188951 0.286390 -0.272090 3.475471 0.960766 19.030000 109.687305
-0.255053 0.253487 -0.258069 0.191219 -0.188951 0.286390 -0.272090 2.616796 0.859397 9.090000 55.189930
-0.255053 0.253487 -0.258069 0.213671 -0.188951 0.286390 -0.272090 2.114339 0.798253 4.450000 31.400465
-0.255053 0.253487 -0.258069 0.227548 -0.188951 0.286390 -0.272090 1.822345 0.761270 2.630000 20.798575
-0.255053 0.253487 -0.258069 0.236124 -0.188951 0.286390 -0.272090 1.652583 0.738794 2.140000 15.994710
-0.255053 0.253487 -0.258069 0.241424 -0.188951 0.286390 -0.272090 1.553090 0.725069 1.980000 13.576548
-0.255053 0.253487 -0.258069 0.244700 -0.188951 0.286390 -0.272090 1.494083 0.716653 2.050000 12.401390
-0.255053 0.253487 -0.258069 0.246724 -0.188951 0.286390 -0.272090 1.458695 0.711481 2.120000 11.758211
-0.255053 0.253487 -0.258069 0.247975 -0.188951 0.286390 -0.272090 1.437262 0.708295 2.140000 11.358475
-0.255053 0.253487 -0.258069 0.248749 -0.188951 0.286390 -0.272090 1.424177 0.706328 2.170000 11.136752
-0.255053 0.253487 -0.258069 0.249227 -0.188951 0.286390 -0.272090 1.416166 0.705115 2.160000 10.974316
-0.255053 0.253487 -0.258069 0.249522 -0.188951 0.286390 -0.272090 1.411248 0.704367 2.190000 10.911385
-0.255053 0.253487 -0.258069 0.249705 -0.188951 0.286390 -0.272090 1.408208 0.703903 2.200000 10.864174
-0.255053 0.253487 -0.258069 0.249817 -0.188951 0.286390 -0.272090 1.406351 0.703619 2.220000 10.849326
-0.255053 0.253487 -0.258069 0.249914 -0.188951 0.286390 -0.272090 1.404745 0.703374 2.240000 10.839245
-0.255053 0.253487 -0.258069 0.249877 -0.188951 0.286390 -0.272090 1.405357 0.703467 2.230000 10.840708
-0.255053 0.253487 -0.258069 0.249947 -0.188951 0.286390 -0.272090 1.404199 0.703290 2.240000 10.829033
-0.255053 0.253487 -0.258069 0.249947 -0.154127 0.286390 -0.272090 1.406601 1.178774 23.220000 36.046598
-0.255053 0.253487 -0.258069 0.249947 -0.094873 0.286390 -0.272090 1.410298 3.583488 59.830000 163.195415
-0.255053 0.253487 -0.258069 0.249947 -0.190747 0.286390 -0.272090 1.404071 0.749745 2.120000 10.917166
-0.255053 0.253487 -0.258069 0.249947 -0.194973 0.286390 -0.272090 1.403767 0.874274 1.970000 11.538750
-0.255053 0.253487 -0.258069 0.249947 -0.189255 0.286390 -0.272090 1.404178 0.710822 2.190000 10.809829
-0.255053 0.253487 -0.258069 0.249947 -0.187264 0.286390 -0.272090 1.404320 0.664274 2.370000 10.817801
-0.255053 0.253487 -0.258069 0.249947 -0.188494 0.286390 -0.272090 1.404232 0.692244 2.280000 10.825930
-0.255053 0.253487 -0.258069 0.249947 -0.189825 0.286390 -0.272090 1.404137 0.725320 2.140000 10.822323
-0.255053 0.253487 -0.258069 0.249947 -0.188964 0.286390 -0.272090 1.404198 0.703609 2.220000 10.810315
-0.255053 0.253487 -0.258069 0.249947 -0.189473 0.286390 -0.272090 1.404162 0.716310 2.180000 10.822988
-0.255053 0.253487 -0.258069 0.249947 -0.189144 0.286390 -0.272090 1.404186 0.708055 2.200000 10.808384
-0.255053 0.253487 -0.258069 0.249947 -0.189111 0.286390 -0.272090 1.404188 0.707236 2.210000 10.815026
-0.255053 0.253487 -0.258069 0.249947 -0.189177 0.286390 -0.272090 1.404183 0.708876 2.190000 10.801763
-0.255053 0.253487 -0.258069 0.249947 -0.189211 0.286390 -0.272090 1.404181 0.709723 2.190000 10.805265
-0.255053 0.253487 -0.258069 0.249947 -0.189177 0.153404 -0.272090 13.481303 1.856397 78.540000 1782.080477
-0.255053 0.253487 -0.258069 0.249947 -0.189177 0.247596 -0.272090 3.999895 0.939700 35.690000 160.115976
-0.255053 0.253487 -0.258069 0.249947 -0.189177 0.305809 -0.272090 2.450822 0.687267 6.930000 45.337773
-0.255053 0.253487 -0.258069 0.249947 -0.189177 0.286556 -0.272090 1.405541 0.708367 2.160000 10.794212
-0.255053 0.253487 -0.258069 0.249947 -0.189177 0.286901 -0.272090 1.408964 0.707328 2.100000 10.792011
-0.255053 0.253487 -0.258069 0.249947 -0.189177 0.286762 -0.272090 1.407488 0.707744 2.120000 10.786912
-0.255053 0.253487 -0.258069 0.249947 -0.189177 0.286729 -0.272090 1.407156 0.707843 2.120000 10.781313
-0.255053 0.253487 -0.258069 0.249947 -0.189177 0.286662 -0.272090 1.406506 0.708045 2.150000 10.800368
-0.255053 0.253487 -0.258069 0.249947 -0.189177 0.286729 -0.246832 1.645924 0.843648 2.550000 16.862359
-0.255053 0.253487 -0.258069 0.249947 -0.189177 0.286729 -0.152168 4.021429 2.772667 46.110000 221.764744
-0.255053 0.253487 -0.258069 0.249947 -0.189177 0.286729 -0.305337 1.734496 1.099414 6.330000 25.162781
-0.255053 0.253487 -0.258069 0.249947 -0.189177 0.286729 -0.271373 1.408228 0.705667 2.120000 10.791767
-0.255053 0.253487 -0.258069 0.249947 -0.189177 0.286729 -0.269894 1.411606 0.702334 2.090000 10.809638
-0.255053 0.253487 -0.258069 0.249947 -0.189177 0.286729 -0.271226 1.408493 0.705266 2.120000 10.794941
-0.255053 0.253487 -0.258069 0.249947 -0.189177 0.286729 -0.284346 1.446130 0.796241 2.880000 12.709196
-0.255053 0.253487 -0.258069 0.249947 -0.189177 0.286729 -0.276328 1.408427 0.727930 2.360000 11.131919
-0.255053 0.253487 -0.258069 0.249947 -0.189177 0.286729 -0.273266 1.406203 0.712193 2.200000 10.862296
-0.255053 0.253487 -0.258069 0.249947 -0.189177 0.286729 -0.272096 1.407149 0.707863 2.120000 10.781260
-0.255053 0.253487 -0.258069 0.249947 -0.189177 0.286729 -0.272634 1.406591 0.709736 2.160000 10.818960
-0.255053 0.253487 -0.258069 0.249947 -0.189177 0.286729 -0.271820 1.407516 0.706981 2.120000 10.784269
-0.255053 0.253487 -0.258069 0.249947 -0.189177 0.286729 -0.272302 1.406910 0.708556 2.150000 10.809822
-0.255053 0.253487 -0.258069 0.249947 -0.189177 0.286729 -0.271991 1.407282 0.707521 2.120000 10.782259
-0.255053 0.253487 -0.258069 0.249947 -0.189177 0.286729 -0.272175 1.407054 0.708125 2.130000 10.790627
-0.255053 0.253487 -0.258069 0.249947 -0.189177 0.286729 -0.272056 1.407199 0.707732 2.120000 10.781620
-0.255053 0.253487 -0.258069 0.249947 -0.189177 0.286729 -0.272130 1.407107 0.707975 2.130000 10.790975
-0.302066 0.254022 -0.253813 0.250455 -0.189403 0.287067 -0.272102 1.501536 0.801040 1.110000 12.046999
-0.098665 0.251706 -0.272223 0.248260 -0.188425 0.285601 -0.272075 1.406252 0.708335 23.520000 32.166966
-0.160261 0.252407 -0.266648 0.248925 -0.188722 0.286045 -0.272084 1.359898 0.637871 12.070000 19.654329
-0.198330 0.252841 -0.263203 0.249335 -0.188905 0.286320 -0.272089 1.358080 0.643413 6.790000 14.358680
-0.221858 0.253109 -0.261073 0.249589 -0.189018 0.286489 -0.272092 1.370256 0.662874 4.350000 12.188727
-0.236399 0.253274 -0.259757 0.249746 -0.189088 0.286594 -0.272094 1.383479 0.680244 3.190000 11.320238
-0.245386 0.253377 -0.258944 0.249843 -0.189131 0.286659 -0.272095 1.393918 0.692831 2.540000 10.902734
-0.250940 0.253440 -0.258441 0.249903 -0.189158 0.286699 -0.272096 1.401261 0.701298 2.330000 10.857921
-0.249691 0.253426 -0.258554 0.249890 -0.189152 0.286690 -0.272095 1.399540 0.699347 2.340000 10.829121
-0.248721 0.253415 -0.258642 0.249879 -0.189147 0.286683 -0.272095 1.398244 0.697847 2.390000 10.849855
-0.249739 0.253426 -0.258550 0.249890 -0.189152 0.286690 -0.272095 1.399619 0.699421 2.350000 10.840828
-0.249247 0.253421 -0.258594 0.249885 -0.189149 0.286687 -0.272095 1.398945 0.698639 2.370000 10.845592
-0.249521 0.253424 -0.258569 0.249888 -0.189151 0.286689 -0.272095 1.399315 0.699078 2.360000 10.844002
-0.249635 0.253425 -0.258559 0.249889 -0.189151 0.286690 -0.272095 1.399480 0.699243 2.360000 10.847625
-0.249670 0.253426 -0.258556 0.249889 -0.189151 0.286690 -0.272095 1.399523 0.699293 2.360000 10.848589
-0.249709 0.253426 -0.258552 0.249890 -0.189152 0.286690 -0.272095 1.399569 0.699373 2.340000 10.829733
-0.249698 0.253426 -0.258553 0.249890 -0.189152 0.286690 -0.272095 1.399551 0.699356 2.340000 10.829347
-0.249683 0.253426 -0.258555 0.249889 -0.189152 0.286690 -0.272095 1.399544 0.699339 2.340000 10.829156
-0.249688 0.253426 -0.258554 0.249890 -0.189152 0.286690 -0.272095 1.399535 0.699342 2.340000 10.829001
-0.249686 0.253426 -0.258554 0.249890 -0.189152 0.286690 -0.272095 1.399531 0.699338 2.340000 10.828921
-0.249684 0.253426 -0.258554 0.249889 -0.189152 0.286690 -0.272095 1.399544 0.699337 2.350000 10.839141
-0.249686 0.253426 -0.258554 0.249890 -0.189152 0.286690 -0.246832 1.656760 0.832788 2.790000 17.278424
-0.249686 0.253426 -0.258554 0.249890 -0.189152 0.286690 -0.152168 4.126610 2.799386 47.410000 231.804765
-0.249686 0.253426 -0.258554 0.249890 -0.189152 0.286690 -0.305337 1.739059 1.111385 6.870000 25.960596
-0.249686 0.253426 -0.258554 0.249890 -0.189152 0.286690 -0.271377 1.400830 0.696803 2.300000 10.802266
-0.249686 0.253426 -0.258554 0.249890 -0.189152 0.286690 -0.269972 1.404510 0.692945 2.330000 10.883657
-0.249686 0.253426 -0.258554 0.249890 -0.189152 0.286690 -0.273928 1.398010 0.707502 2.490000 10.984786
-0.249686 0.253426 -0.258554 0.249890 -0.189152 0.286690 -0.271559 1.400464 0.697410 2.320000 10.818055
-0.249686 0.253426 -0.258554 0.249890 -0.189152 0.286690 -0.270992 1.401689 0.695600 2.310000 10.823026
-0.249686 0.253426 -0.258554 0.249890 -0.189152 0.286690 -0.271293 1.401008 0.696531 2.310000 10.814400
-0.249686 0.253426 -0.258554 0.249890 -0.189152 0.286690 -0.271418 1.400746 0.696937 2.310000 10.811268
-0.249686 0.253426 -0.258554 0.249890 -0.189152 0.286690 -0.271344 1.400900 0.696695 2.300000 10.803090
-0.249686 0.153404 -0.258554 0.249890 -0.189152 0.286690 -0.271377 6.268857 1.375910 71.720000 412.189246
-0.249686 0.247596 -0.258554 0.249890 -0.189152 0.286690 -0.271377 1.515001 0.715234 1.260000 12.025520
-0.249686 0.305809 -0.258554 0.249890 -0.189152 0.286690 -0.271377 2.686127 0.810132 56.350000 105.103315
-0.249686 0.255865 -0.258554 0.249890 -0.189152 0.286690 -0.271377 1.371729 0.690728 3.740000 11.702887
-0.249686 0.252325 -0.258554 0.249890 -0.189152 0.286690 -0.271377 1.417742 0.699870 2.000000 10.821989
-0.249686 0.252051 -0.258554 0.249890 -0.189152 0.286690 -0.271377 1.422304 0.700664 1.890000 10.799109
-0.249686 0.251226 -0.258554 0.249890 -0.189152 0.286690 -0.271377 1.436870 0.703128 1.620000 10.809871
-0.249686 0.251736 -0.258554 0.249890 -0.189152 0.286690 -0.271377 1.427719 0.701592 1.780000 10.793027
-0.249686 0.251769 -0.258554 0.249890 -0.189152 0.286690 -0.271377 1.427144 0.701494 1.780000 10.781951
-0.249686 0.251886 -0.258554 0.249890 -0.189152 0.286690 -0.271377 1.425118 0.701148 1.860000 10.823039
-0.249686 0.251814 -0.258554 0.249890 -0.189152 0.286690 -0.271377 1.426362 0.701361 1.800000 10.786919
-0.249686 0.251769 -0.246832 0.249890 -0.189152 0.286690 -0.271377 1.397340 0.757290 2.680000 11.394169
-0.249686 0.251769 -0.152168 0.249890 -0.189152 0.286690 -0.271377 1.364166 3.438910 41.700000 135.539735
-0.249686 0.251769 -0.305337 0.249890 -0.189152 0.286690 -0.271377 1.595179 1.686069 10.680000 36.741749
-0.249686 0.251769 -0.257066 0.249890 -0.189152 0.286690 -0.271377 1.423066 0.697990 1.850000 10.762515
-0.249686 0.251769 -0.254958 0.249890 -0.189152 0.286690 -0.271377 1.417435 0.698424 1.970000 10.780596
-0.249686 0.251769 -0.256668 0.249890 -0.189152 0.286690 -0.271377 1.421990 0.697585 1.880000 10.771059
-0.249686 0.251769 -0.275504 0.249890 -0.189152 0.286690 -0.271377 1.479378 0.925398 2.810000 14.211436
-0.249686 0.251769 -0.264109 0.249890 -0.189152 0.286690 -0.271377 1.443102 0.741096 1.850000 11.325682
-0.249686 0.251769 -0.259756 0.249890 -0.189152 0.286690 -0.271377 1.430498 0.706591 1.710000 10.795071
-0.249686 0.251769 -0.258094 0.249890 -0.189152 0.286690 -0.271377 1.425874 0.700076 1.830000 10.802736
-0.249686 0.251769 -0.257459 0.249890 -0.189152 0.286690 -0.271377 1.424135 0.698610 1.880000 10.814717
-0.249686 0.251769 -0.256914 0.249890 -0.189152 0.286690 -0.271377 1.422655 0.697808 1.860000 10.764199
-0.249686 0.251769 -0.257121 0.249890 -0.189152 0.286690 -0.271377 1.423216 0.698063 1.860000 10.775562
-0.249686 0.251769 -0.257008 0.249890 -0.189152 0.286690 -0.271377 1.422909 0.697917 1.860000 10.769324
-0.249686 0.251769 -0.257066 0.096110 -0.189152 0.286690 -0.271377 4.991656 1.121414 35.030000 240.641279
-0.249686 0.251769 -0.257066 0.154890 -0.189152 0.286690 -0.271377 3.517271 0.953446 19.540000 112.635344
-0.249686 0.251769 -0.257066 0.191219 -0.189152 0.286690 -0.271377 2.647100 0.852279 9.320000 56.661412
-0.249686 0.251769 -0.257066 0.213671 -0.189152 0.286690 -0.271377 2.138498 0.791536 4.570000 32.266684
-0.249686 0.251769 -0.257066 0.227548 -0.189152 0.286690 -0.271377 1.843376 0.754936 2.590000 21.286524
-0.249686 0.251769 -0.257066 0.236124 -0.189152 0.286690 -0.271377 1.672075 0.732759 1.950000 16.229374
-0.249686 0.251769 -0.257066 0.241424 -0.189152 0.286690 -0.271377 1.571828 0.719244 1.730000 13.698838
-0.249686 0.251769 -0.257066 0.244700 -0.189152 0.286690 -0.271377 1.512444 0.710969 1.730000 12.425513
-0.249686 0.251769 -0.257066 0.246724 -0.189152 0.286690 -0.271377 1.476862 0.705888 1.760000 11.726492
-0.249686 0.251769 -0.257066 0.247975 -0.189152 0.286690 -0.271377 1.455324 0.702759 1.780000 11.317550
-0.249686 0.251769 -0.257066 0.248749 -0.189152 0.286690 -0.271377 1.442180 0.700829 1.790000 11.070353
-0.249686 0.251769 -0.257066 0.249227 -0.189152 0.286690 -0.271377 1.434134 0.699638 1.820000 10.944620
-0.249686 0.251769 -0.257066 0.249522 -0.189152 0.286690 -0.271377 1.429196 0.698904 1.830000 10.859686
-0.249686 0.251769 -0.257066 0.249705 -0.189152 0.286690 -0.271377 1.426144 0.698449 1.850000 10.821245
-0.249686 0.251769 -0.257066 0.249817 -0.189152 0.286690 -0.271377 1.424280 0.698171 1.850000 10.785648
-0.249686 0.251769 -0.257066 0.249887 -0.189152 0.286690 -0.271377 1.423116 0.697997 1.850000 10.763465
-0.249686 0.251769 -0.257066 0.249930 -0.189152 0.286690 -0.271377 1.422402 0.697890 1.850000 10.749863
-0.249686 0.251769 -0.257066 0.249964 -0.189152 0.286690 -0.271377 1.421838 0.697806 1.850000 10.739122
-0.249686 0.251769 -0.257066 0.249964 -0.154127 0.286690 -0.271377 1.420265 1.228599 23.280000 37.057450
-0.249686 0.251769 -0.257066 0.249964 -0.094873 0.286690 -0.271377 1.417315 3.660222 59.700000 167.984664
-0.249686 0.251769 -0.257066 0.249964 -0.190747 0.286690 -0.271377 1.421906 0.737162 1.790000 10.851573
-0.249686 0.251769 -0.257066 0.249964 -0.195398 0.286690 -0.271377 1.422105 0.871015 1.630000 11.509293
-0.249686 0.251769 -0.257066 0.249964 -0.189667 0.286690 -0.271377 1.421860 0.710069 1.820000 10.759548
-0.249686 0.251769 -0.257066 0.249964 -0.176092 0.286690 -0.271377 1.421267 0.599831 5.440000 14.026983
-0.249686 0.251769 -0.257066 0.249964 -0.185863 0.286690 -0.271377 1.421696 0.631292 2.220000 10.887606
-0.249686 0.251769 -0.257066 0.249964 -0.188457 0.286690 -0.271377 1.421808 0.681984 1.940000 10.768479
-0.249686 0.251769 -0.257066 0.249964 -0.189153 0.286690 -0.271377 1.421838 0.697829 1.850000 10.739215
-0.249686 0.251769 -0.257066 0.249964 -0.189117 0.286690 -0.271377 1.421836 0.696989 1.860000 10.745868
-0.249686 0.251769 -0.257066 0.249964 -0.189361 0.286690 -0.271377 1.421847 0.702729 1.840000 10.749006
-0.249686 0.251769 -0.257066 0.249964 -0.189232 0.286690 -0.271377 1.421841 0.699681 1.850000 10.746641
-0.249686 0.251769 -0.257066 0.249964 -0.189186 0.286690 -0.271377 1.421839 0.698601 1.850000 10.742304
-0.249686 0.251769 -0.257066 0.249964 -0.189153 0.153404 -0.271377 12.867366 1.835953 77.490000 1624.855237
-0.249686 0.251769 -0.257066 0.249964 -0.189153 0.247596 -0.271377 3.817331 0.917458 33.600000 145.389566
-0.249686 0.251769 -0.257066 0.249964 -0.189153 0.305809 -0.271377 2.417293 0.688677 6.710000 43.826108
-0.249686 0.251769 -0.257066 0.249964 -0.189153 0.286224 -0.271377 1.417263 0.699013 1.900000 10.709773
-0.249686 0.251769 -0.257066 0.249964 -0.189153 0.286510 -0.271377 1.419912 0.698281 1.880000 10.735531
-0.249686 0.251769 -0.257066 0.249964 -0.189153 0.285825 -0.271377 1.414416 0.700062 1.960000 10.721813
-0.249686 0.251769 -0.257066 0.249964 -0.189153 0.286111 -0.271377 1.416356 0.699307 1.910000 10.704315
-0.249686 0.251769 -0.257066 0.249964 -0.189153 0.286077 -0.271377 1.416099 0.699396 1.920000 10.709954
-0.249686 0.251769 -0.257066 0.249964 -0.189153 0.286151 -0.271377 1.416668 0.699203 1.910000 10.709617
-0.156017 0.250702 -0.265544 0.248953 -0.188703 0.285435 -0.271365 1.344166 0.617019 11.220000 18.483094
-0.096042 0.250019 -0.270973 0.248306 -0.188414 0.285003 -0.271357 1.370990 0.672595 22.380000 30.264124
-0.193084 0.251125 -0.262189 0.249353 -0.188881 0.285703 -0.271370 1.353095 0.628625 6.210000 13.653152
-0.215993 0.251386 -0.260116 0.249600 -0.188991 0.285868 -0.271373 1.370934 0.650428 3.880000 11.691543
-0.230151 0.251547 -0.258835 0.249753 -0.189059 0.285970 -0.271375 1.387147 0.668708 2.840000 10.994925
-0.248106 0.251751 -0.257209 0.249947 -0.189145 0.286099 -0.271377 1.413688 0.696606 1.970000 10.704796
-0.246980 0.251738 -0.257311 0.249934 -0.189140 0.286091 -0.271377 1.411841 0.694722 2.050000 10.743705
-0.249998 0.251773 -0.257038 0.249967 -0.189155 0.286113 -0.271377 1.416885 0.699856 1.910000 10.716207
-0.248828 0.251760 -0.257144 0.249954 -0.189149 0.286104 -0.271377 1.414897 0.697846 1.950000 10.711800
-0.247676 0.251746 -0.257248 0.249942 -0.189143 0.286096 -0.271377 1.412981 0.695882 1.990000 10.709045
-0.248181 0.251752 -0.257203 0.249947 -0.189146 0.286100 -0.271377 1.413830 0.696750 1.970000 10.707952
-0.247939 0.251749 -0.257224 0.249945 -0.189145 0.286098 -0.271377 1.413416 0.696343 1.970000 10.698788
-0.247839 0.251748 -0.257234 0.249944 -0.189144 0.286097 -0.271377 1.413246 0.696163 1.970000 10.694984
-0.247776 0.251748 -0.257239 0.249943 -0.189144 0.286097 -0.271377 1.413136 0.696061 1.970000 10.692579
-0.247738 0.251747 -0.257243 0.249943 -0.189144 0.286097 -0.271377 1.413080 0.696001 1.990000 10.711309
-0.247800 0.251748 -0.257237 0.249943 -0.189144 0.286097 -0.271377 1.413184 0.696100 1.970000 10.693609
-0.247762 0.251747 -0.257241 0.249943 -0.189144 0.286097 -0.271377 1.413127 0.696041 1.980000 10.702338
-0.247786 0.251748 -0.257238 0.249943 -0.189144 0.286097 -0.271377 1.413156 0.696077 1.970000 10.692999
-0.247771 0.251747 -0.257240 0.249943 -0.189144 0.286097 -0.271377 1.413145 0.696056 1.980000 10.702711
-0.247780 0.251748 -0.257239 0.249943 -0.189144 0.286097 -0.271377 1.413145 0.696068 1.970000 10.692769
-0.247774 0.251748 -0.257239 0.249943 -0.189144 0.286097 -0.271377 1.413132 0.696057 1.970000 10.692484
-0.247773 0.251748 -0.257239 0.249943 -0.189144 0.286097 -0.271377 1.413130 0.696055 1.970000 10.692437
-0.247772 0.251748 -0.257240 0.249943 -0.189144 0.286097 -0.271377 1.413130 0.696055 1.980000 10.702444
-0.247773 0.251748 -0.257239 0.249943 -0.189144 0.286097 -0.271377 1.413130 0.696055 1.970000 10.692437
-0.247774 0.251748 -0.257239 0.249943 -0.189144 0.286097 -0.271377 1.413132 0.696057 1.970000 10.692484
-0.247773 0.251748 -0.257239 0.249943 -0.189144 0.286097 -0.271377 1.413130 0.696055 1.970000 10.692437
-0.240494 0.250008 -0.256410 0.249939 -0.189110 0.285465 -0.270658 1.419597 0.684885 1.830000 10.628409
-0.247773 0.251748 -0.257239 0.249943 -0.189144 0.286097 -0.246832 1.613823 0.843150 2.520000 16.103542
-0.247773 0.251748 -0.257239 0.249943 -0.189144 0.286097 -0.152168 3.870376 2.810535 45.270000 212.250054
-0.247773 0.251748 -0.257239 0.249943 -0.189144 0.286097 -0.305337 1.751021 1.097490 6.220000 25.440470
-0.247773 0.251748 -0.257239 0.249943 -0.189144 0.286097 -0.270607 1.413755 0.694201 1.960000 10.686630
-0.247773 0.251748 -0.257239 0.249943 -0.189144 0.286097 -0.268931 1.416499 0.691699 1.930000 10.697187
-0.247773 0.251748 -0.257239 0.249943 -0.189144 0.286097 -0.270083 1.414410 0.693192 1.960000 10.694689
-0.247773 0.251748 -0.257239 0.249943 -0.189144 0.286097 -0.283873 1.458677 0.782584 2.740000 12.729154
-0.247773 0.251748 -0.257239 0.249943 -0.189144 0.286097 -0.275674 1.417014 0.714307 2.210000 11.078428
-0.247773 0.251748 -0.257239 0.249943 -0.189144 0.286097 -0.272543 1.412946 0.699697 2.030000 10.763499
-0.247773 0.251748 -0.257239 0.249943 -0.189144 0.286097 -0.271347 1.413147 0.695975 1.970000 10.692430
-0.247773 0.251748 -0.257239 0.249943 -0.189144 0.286097 -0.270764 1.413595 0.694543 1.980000 10.705035
-0.247773 0.251748 -0.257239 0.249943 -0.189144 0.286097 -0.270407 1.413983 0.693791 1.950000 10.679209
-0.247773 0.251748 -0.257239 0.249943 -0.189144 0.286097 -0.270284 1.414137 0.693554 1.960000 10.691100
-0.247773 0.251748 -0.257239 0.249943 -0.189144 0.286097 -0.270462 1.413918 0.693901 1.950000 10.678438
-0.247773 0.251748 -0.257239 0.249943 -0.189144 0.286097 -0.270496 1.413879 0.693970 1.950000 10.677985
-0.247773 0.251748 -0.257239 0.249943 -0.189144 0.286097 -0.270538 1.413831 0.694056 1.950000 10.677450
-0.247773 0.251748 -0.257239 0.249943 -0.189144 0.286097 -0.270572 1.413793 0.694127 1.960000 10.687037
-0.247773 0.153404 -0.257239 0.249943 -0.189144 0.286097 -0.270538 6.006743 1.345745 71.370000 381.765009
-0.247773 0.247596 -0.257239 0.249943 -0.189144 0.286097 -0.270538 1.496667 0.704439 1.240000 11.591401
-0.247773 0.305809 -0.257239 0.249943 -0.189144 0.286097 -0.270538 2.574181 0.852532 56.600000 100.865067
-0.247773 0.255313 -0.257239 0.249943 -0.189144 0.286097 -0.270538 1.365616 0.687557 3.690000 11.534682
-0.247773 0.251575 -0.257239 0.249943 -0.189144 0.286097 -0.270538 1.416731 0.694429 1.930000 10.711991
-0.247773 0.251519 -0.257239 0.249943 -0.189144 0.286097 -0.270538 1.417681 0.694551 1.910000 10.709884
-0.247773 0.251156 -0.257239 0.249943 -0.189144 0.286097 -0.270538 1.423962 0.695355 1.770000 10.688700
-0.247773 0.249796 -0.257239 0.249943 -0.189144 0.286097 -0.270538 1.449407 0.698571 1.510000 10.918037
-0.247773 0.250637 -0.257239 0.249943 -0.189144 0.286097 -0.270538 1.433320 0.696545 1.680000 10.777159
-0.247773 0.250958 -0.257239 0.249943 -0.189144 0.286097 -0.270538 1.427480 0.695803 1.750000 10.735587
-0.247773 0.251295 -0.257239 0.249943 -0.189144 0.286097 -0.270538 1.421531 0.695045 1.810000 10.682622
-0.247773 0.251261 -0.257239 0.249943 -0.189144 0.286097 -0.270538 1.422123 0.695120 1.810000 10.693826
-0.247773 0.251380 -0.257239 0.249943 -0.189144 0.286097 -0.270538 1.420060 0.694856 1.880000 10.724800
-0.247773 0.251328 -0.257239 0.249943 -0.189144 0.286097 -0.270538 1.420959 0.694971 1.810000 10.671789
-0.247773 0.251328 -0.246832 0.249943 -0.189144 0.286097 -0.270538 1.394538 0.758396 2.690000 11.359662
-0.247773 0.251328 -0.152168 0.249943 -0.189144 0.286097 -0.270538 1.339382 3.457912 41.790000 136.328059
-0.247773 0.251328 -0.305337 0.249943 -0.189144 0.286097 -0.270538 1.588341 1.681868 10.820000 36.632976
-0.247773 0.251328 -0.257202 0.249943 -0.189144 0.286097 -0.270538 1.420858 0.694929 1.830000 10.689771
-0.247773 0.251328 -0.255148 0.249943 -0.189144 0.286097 -0.270538 1.415349 0.695672 1.890000 10.651510
-0.247773 0.251328 -0.255245 0.249943 -0.189144 0.286097 -0.270538 1.415606 0.695500 1.880000 10.645541
-0.247773 0.251328 -0.255948 0.249943 -0.189144 0.286097 -0.270538 1.417477 0.694658 1.890000 10.686565
-0.247773 0.251328 -0.255513 0.249943 -0.189144 0.286097 -0.270538 1.416317 0.695095 1.880000 10.656992
-0.247773 0.251328 -0.255304 0.249943 -0.189144 0.286097 -0.270538 1.415762 0.695402 1.880000 10.648022
-0.247773 0.251328 -0.255211 0.249943 -0.189144 0.286097 -0.270538 1.415516 0.695559 1.880000 10.644121
-0.247773 0.251328 -0.255211 0.096110 -0.189144 0.286097 -0.270538 4.922812 1.097238 34.250000 233.429594
-0.247773 0.251328 -0.255211 0.154890 -0.189144 0.286097 -0.270538 3.477592 0.936386 19.000000 109.564864
-0.247773 0.251328 -0.255211 0.191219 -0.189144 0.286097 -0.270538 2.623850 0.840286 9.140000 55.405353
-0.247773 0.251328 -0.255211 0.213671 -0.189144 0.286097 -0.270538 2.123980 0.783003 4.450000 31.624003
-0.247773 0.251328 -0.255211 0.227548 -0.189144 0.286097 -0.270538 1.833174 0.748689 2.650000 21.041993
-0.247773 0.251328 -0.255211 0.236124 -0.189144 0.286097 -0.270538 1.663866 0.727985 2.050000 16.115603
-0.247773 0.251328 -0.255211 0.241424 -0.189144 0.286097 -0.270538 1.564494 0.715404 1.850000 13.645463
-0.247773 0.251328 -0.255211 0.244700 -0.189144 0.286097 -0.270538 1.505485 0.707716 1.810000 12.351452
-0.247773 0.251328 -0.255211 0.246724 -0.189144 0.286097 -0.270538 1.470062 0.703000 1.830000 11.652296
-0.247773 0.251328 -0.255211 0.247975 -0.189144 0.286097 -0.270538 1.448593 0.700100 1.860000 11.258685
-0.247773 0.251328 -0.255211 0.248749 -0.189144 0.286097 -0.270538 1.435480 0.698311 1.870000 11.014498
-0.247773 0.251328 -0.255211 0.249227 -0.189144 0.286097 -0.270538 1.427449 0.697208 1.910000 10.900516
-0.247773 0.251328 -0.255211 0.249522 -0.189144 0.286097 -0.270538 1.422518 0.696528 1.890000 10.786622
-0.247773 0.251328 -0.255211 0.249705 -0.189144 0.286097 -0.270538 1.419469 0.696106 1.880000 10.718810
-0.247773 0.251328 -0.255211 0.249817 -0.189144 0.286097 -0.270538 1.417607 0.695849 1.880000 10.683593
-0.247773 0.251328 -0.255211 0.249887 -0.189144 0.286097 -0.270538 1.416445 0.695687 1.880000 10.661644
-0.247773 0.251328 -0.255211 0.249930 -0.189144 0.286097 -0.270538 1.415731 0.695588 1.880000 10.648186
-0.247773 0.251328 -0.255211 0.249964 -0.189144 0.286097 -0.270538 1.415167 0.695510 1.880000 10.637558
-0.247773 0.251328 -0.255211 0.249964 -0.154127 0.286097 -0.270538 1.416000 1.252858 22.880000 36.938523
-0.247773 0.251328 -0.255211 0.249964 -0.094873 0.286097 -0.270538 1.417057 3.620798 58.990000 164.793747
-0.247773 0.251328 -0.255211 0.249964 -0.190747 0.286097 -0.270538 1.415126 0.730036 1.820000 10.723713
-0.247773 0.251328 -0.255211 0.249964 -0.196235 0.286097 -0.270538 1.414980 0.875307 1.680000 11.460434
-0.247773 0.251328 -0.255211 0.249964 -0.190166 0.286097 -0.270538 1.415141 0.717025 1.870000 10.715824
-0.247773 0.251328 -0.255211 0.249964 -0.190115 0.286097 -0.270538 1.415142 0.715909 1.870000 10.711017
-0.247773 0.251328 -0.255211 0.249964 -0.176369 0.286097 -0.270538 1.415489 0.631557 5.480000 14.034279
-0.247773 0.251328 -0.255211 0.249964 -0.184864 0.286097 -0.270538 1.415278 0.627969 2.400000 10.941091
-0.247773 0.251328 -0.255211 0.249964 -0.188109 0.286097 -0.270538 1.415194 0.675654 1.950000 10.634350
-0.247773 0.251328 -0.255211 0.249964 -0.188399 0.286097 -0.270538 1.415187 0.681011 1.910000 10.613320
-0.247773 0.251328 -0.255211 0.249964 -0.188816 0.286097 -0.270538 1.415176 0.688999 1.890000 10.622677
-0.247773 0.251328 -0.255211 0.249964 -0.188524 0.286097 -0.270538 1.415184 0.683371 1.900000 10.611859
-0.247773 0.251328 -0.255211 0.249964 -0.188491 0.286097 -0.270538 1.415184 0.682745 1.900000 10.609583
-0.247773 0.251328 -0.255211 0.249964 -0.188457 0.286097 -0.270538 1.415185 0.682102 1.910000 10.617255
-0.247773 0.251328 -0.255211 0.249964 -0.188491 0.153404 -0.270538 12.891948 1.762913 77.340000 1628.893196
-0.247773 0.251328 -0.255211 0.249964 -0.188491 0.247596 -0.270538 3.807682 0.858743 33.570000 144.264576
-0.247773 0.251328 -0.255211 0.249964 -0.188491 0.305809 -0.270538 2.439547 0.704924 7.200000 45.238376
-0.247773 0.251328 -0.255211 0.249964 -0.188491 0.285921 -0.270538 1.413673 0.682930 1.950000 10.632623
-0.247773 0.251328 -0.255211 0.249964 -0.188491 0.286175 -0.270538 1.415916 0.682665 1.910000 10.632690
-0.247773 0.251328 -0.255211 0.249964 -0.188491 0.286047 -0.270538 1.414735 0.682797 1.910000 10.611556
-0.247773 0.251328 -0.255211 0.249964 -0.188491 0.286080 -0.270538 1.415030 0.682763 1.900000 10.606821
-0.247773 0.251328 -0.255211 0.249964 -0.188491 0.286116 -0.270538 1.415359 0.682726 1.900000 10.612710
-0.154835 0.250270 -0.263623 0.248961 -0.188044 0.285410 -0.270526 1.351531 0.556716 11.200000 18.483210
-0.095311 0.249592 -0.269011 0.248319 -0.187758 0.284981 -0.270518 1.386221 0.565751 22.190000 30.087113
-0.191623 0.250689 -0.260294 0.249358 -0.188221 0.285675 -0.270531 1.356379 0.590696 6.260000 13.676111
-0.214359 0.250948 -0.258236 0.249603 -0.188330 0.285839 -0.270534 1.372122 0.622917 4.020000 11.777048
-0.228410 0.251108 -0.256964 0.249755 -0.188398 0.285940 -0.270536 1.387195 0.646410 2.980000 11.065510
-0.237095 0.251206 -0.256178 0.249848 -0.188439 0.286003 -0.270537 1.398681 0.662152 2.470000 10.809207
-0.242462 0.251268 -0.255692 0.249906 -0.188465 0.286042 -0.270538 1.406579 0.672342 2.170000 10.685866
-0.245779 0.251305 -0.255392 0.249942 -0.188481 0.286066 -0.270538 1.411798 0.678807 2.030000 10.663477
-0.245926 0.251307 -0.255378 0.249944 -0.188482 0.286067 -0.270538 1.412020 0.679103 2.020000 10.658584
-0.247920 0.251330 -0.255198 0.249965 -0.188492 0.286081 -0.270538 1.415278 0.683061 1.900000 10.612445
-0.249373 0.251346 -0.255066 0.249981 -0.188499 0.286092 -0.270539 1.417713 0.685969 1.890000 10.657811
-0.247657 0.251327 -0.255222 0.249962 -0.188490 0.286079 -0.270538 1.414845 0.682524 1.900000 10.602570
-0.246996 0.251319 -0.255282 0.249955 -0.188487 0.286074 -0.270538 1.413764 0.681214 1.940000 10.618033
-0.247504 0.251325 -0.255236 0.249961 -0.188490 0.286078 -0.270538 1.414588 0.682232 1.910000 10.606798
-0.247669 0.251327 -0.255221 0.249962 -0.188490 0.286079 -0.270538 1.414869 0.682547 1.900000 10.603087
-0.247613 0.251326 -0.255226 0.249962 -0.188490 0.286079 -0.270538 1.414776 0.682439 1.900000 10.600996
-0.247571 0.251326 -0.255230 0.249961 -0.188490 0.286079 -0.270538 1.414711 0.682359 1.900000 10.599518
-0.247546 0.251326 -0.255232 0.249961 -0.188490 0.286078 -0.270538 1.414653 0.682313 1.900000 10.598277
-0.247530 0.251325 -0.255233 0.249961 -0.188490 0.286078 -0.270538 1.414637 0.682284 1.910000 10.607885
-0.247555 0.251326 -0.255231 0.249961 -0.188490 0.286078 -0.270538 1.414670 0.682331 1.900000 10.598654
-0.247539 0.251325 -0.255232 0.249961 -0.188490 0.286078 -0.270538 1.414654 0.682302 1.910000 10.608262
-0.247549 0.251326 -0.255232 0.249961 -0.188490 0.286078 -0.270538 1.414659 0.682318 1.900000 10.598415
-0.247543 0.251325 -0.255232 0.249961 -0.188490 0.286078 -0.270538 1.414663 0.682308 1.900000 10.598447
-0.247546 0.251326 -0.255232 0.249961 -0.188490 0.286078 -0.270538 1.414653 0.682313 1.900000 10.598277
-0.247546 0.251326 -0.255232 0.249961 -0.188490 0.286078 -0.270538 1.414653 0.682313 1.900000 10.598277
-0.247546 0.251326 -0.255232 0.249961 -0.188490 0.286078 -0.270538 1.414653 0.682313 1.900000 10.598277
-0.247319 0.250904 -0.253224 0.249979 -0.187836 0.286060 -0.269699 1.416374 0.682695 2.040000 10.771186
-0.247546 0.251326 -0.255232 0.249961 -0.188490 0.286078 -0.246832 1.609756 0.885717 2.750000 16.553355
-0.247546 0.251326 -0.255232 0.249961 -0.188490 0.286078 -0.152168 3.851071 2.916667 46.130000 216.829530
-0.247546 0.251326 -0.255232 0.249961 -0.188490 0.286078 -0.305337 1.753976 1.042330 6.100000 24.765774
-0.247546 0.251326 -0.255232 0.249961 -0.188490 0.286078 -0.271319 1.414117 0.682233 1.960000 10.648191
-0.247546 0.251326 -0.255232 0.249961 -0.188490 0.286078 -0.269826 1.415497 0.682804 1.940000 10.655521
-0.247546 0.251326 -0.255232 0.249961 -0.188490 0.286078 -0.270812 1.414418 0.682230 1.930000 10.623686
-0.247546 0.251326 -0.255232 0.249961 -0.188490 0.286078 -0.270618 1.414579 0.682282 1.910000 10.606819
-0.247546 0.251326 -0.255232 0.249961 -0.188490 0.286078 -0.270316 1.414880 0.682423 1.910000 10.612829
-0.247546 0.251326 -0.255232 0.249961 -0.188490 0.286078 -0.270513 1.414677 0.682323 1.910000 10.608752
-0.247546 0.251326 -0.255232 0.249961 -0.188490 0.286078 -0.270692 1.414515 0.682259 1.920000 10.615557
-0.247546 0.251326 -0.255232 0.249961 -0.188490 0.286078 -0.270578 1.414615 0.682297 1.910000 10.607536
-0.247546 0.251326 -0.255232 0.249961 -0.188490 0.286078 -0.270651 1.414550 0.682271 1.910000 10.606246
-0.247546 0.153404 -0.255232 0.249961 -0.188490 0.286078 -0.270651 5.940822 1.272723 71.030000 373.026436
-0.247546 0.247596 -0.255232 0.249961 -0.188490 0.286078 -0.270651 1.488029 0.686714 1.260000 11.370627
-0.247546 0.305809 -0.255232 0.249961 -0.188490 0.286078 -0.270651 2.561005 0.904548 56.930000 101.044005
-0.247546 0.254884 -0.255232 0.249961 -0.188490 0.286078 -0.270651 1.365649 0.680450 3.740000 11.559110
-0.247546 0.250805 -0.255232 0.249961 -0.188490 0.286078 -0.270651 1.423505 0.682738 1.770000 10.632538
-0.247546 0.251033 -0.255232 0.249961 -0.188490 0.286078 -0.270651 1.419532 0.682528 1.840000 10.628545
-0.247546 0.251067 -0.255232 0.249961 -0.188490 0.286078 -0.270651 1.418946 0.682497 1.860000 10.637674
-0.247546 0.250927 -0.255232 0.249961 -0.188490 0.286078 -0.270651 1.421368 0.682624 1.790000 10.612709
-0.247546 0.250880 -0.255232 0.249961 -0.188490 0.286078 -0.270651 1.422188 0.682668 1.770000 10.607988
-0.247546 0.250847 -0.255232 0.249961 -0.188490 0.286078 -0.270651 1.422766 0.682699 1.770000 10.618765
-0.247546 0.250880 -0.246832 0.249961 -0.188490 0.286078 -0.270651 1.400309 0.749583 2.580000 11.308469
-0.247546 0.250880 -0.152168 0.249961 -0.188490 0.286078 -0.270651 1.332705 3.400502 40.960000 132.023089
-0.247546 0.250880 -0.305337 0.249961 -0.188490 0.286078 -0.270651 1.598763 1.632328 10.920000 35.814486
-0.247546 0.250880 -0.257148 0.249961 -0.188490 0.286078 -0.270651 1.427513 0.680655 1.810000 10.739170
-0.247546 0.250880 -0.254795 0.249961 -0.188490 0.286078 -0.270651 1.420991 0.683851 1.810000 10.630256
-0.247546 0.250880 -0.254155 0.249961 -0.188490 0.286078 -0.270651 1.419249 0.686064 1.890000 10.686390
-0.247546 0.250880 -0.255455 0.249961 -0.188490 0.286078 -0.270651 1.422802 0.682167 1.780000 10.627481
-0.247546 0.250880 -0.255158 0.249961 -0.188490 0.286078 -0.270651 1.421985 0.682849 1.790000 10.624905
-0.247546 0.250880 -0.255191 0.249961 -0.188490 0.286078 -0.270651 1.422076 0.682767 1.780000 10.616276
-0.247546 0.250880 -0.255302 0.249961 -0.188490 0.286078 -0.270651 1.422381 0.682503 1.770000 10.610936
-0.247546 0.250880 -0.255360 0.249961 -0.188490 0.286078 -0.270651 1.422540 0.682372 1.780000 10.623400
-0.247546 0.250880 -0.255262 0.249961 -0.188490 0.286078 -0.270651 1.422271 0.682596 1.770000 10.609248
-0.247546 0.250880 -0.255229 0.249961 -0.188490 0.286078 -0.270651 1.422180 0.682675 1.770000 10.607863
-0.247546 0.250880 -0.255229 0.096110 -0.188490 0.286078 -0.270651 4.896324 1.085546 33.960000 230.665300
-0.247546 0.250880 -0.255229 0.154890 -0.188490 0.286078 -0.270651 3.468080 0.923368 18.810000 108.697408
-0.247546 0.250880 -0.255229 0.191219 -0.188490 0.286078 -0.270651 2.623664 0.826861 9.050000 55.217887
-0.247546 0.250880 -0.255229 0.213671 -0.188490 0.286078 -0.270651 2.128460 0.769575 4.440000 31.685526
-0.247546 0.250880 -0.255229 0.227548 -0.188490 0.286078 -0.270651 1.839678 0.735386 2.630000 21.131451
-0.247546 0.250880 -0.255229 0.236124 -0.188490 0.286078 -0.270651 1.671074 0.714817 2.000000 16.175602
-0.247546 0.250880 -0.255229 0.241424 -0.188490 0.286078 -0.270651 1.571845 0.702344 1.800000 13.697950
-0.247546 0.250880 -0.255229 0.244700 -0.188490 0.286078 -0.270651 1.512787 0.694733 1.760000 12.396574
-0.247546 0.250880 -0.255229 0.246724 -0.188490 0.286078 -0.270651 1.477274 0.690069 1.790000 11.701905
-0.247546 0.250880 -0.255229 0.247975 -0.188490 0.286078 -0.270651 1.455724 0.687202 1.810000 11.294538
-0.247546 0.250880 -0.255229 0.248749 -0.188490 0.286078 -0.270651 1.442552 0.685434 1.800000 11.027898
-0.247546 0.250880 -0.255229 0.249227 -0.188490 0.286078 -0.270651 1.434480 0.684345 1.770000 10.842354
-0.247546 0.250880 -0.255229 0.249522 -0.188490 0.286078 -0.270651 1.429522 0.683673 1.760000 10.737477
-0.247546 0.250880 -0.255229 0.249705 -0.188490 0.286078 -0.270651 1.426457 0.683257 1.770000 10.689049
-0.247546 0.250880 -0.255229 0.249817 -0.188490 0.286078 -0.270651 1.424584 0.683002 1.770000 10.653451
-0.247546 0.250880 -0.255229 0.249887 -0.188490 0.286078 -0.270651 1.423415 0.682843 1.770000 10.631265
-0.247546 0.250880 -0.255229 0.249930 -0.188490 0.286078 -0.270651 1.422697 0.682745 1.770000 10.617660
-0.247546 0.250880 -0.255229 0.249964 -0.188490 0.286078 -0.270651 1.422130 0.682668 1.770000 10.606915
-0.247546 0.250880 -0.255229 0.249964 -0.154127 0.286078 -0.270651 1.423364 1.247167 22.760000 36.868609
-0.247546 0.250880 -0.255229 0.249964 -0.094873 0.286078 -0.270651 1.425130 3.618187 59.000000 164.789534
-0.247546 0.250880 -0.255229 0.249964 -0.190747 0.286078 -0.270651 1.422044 0.730813 1.650000 10.684387
-0.247546 0.250880 -0.255229 0.249964 -0.196175 0.286078 -0.270651 1.421833 0.875939 1.540000 11.451055
-0.247546 0.250880 -0.255229 0.249964 -0.189993 0.286078 -0.270651 1.422073 0.713765 1.680000 10.639132
-0.247546 0.250880 -0.255229 0.249964 -0.188084 0.286078 -0.270651 1.422146 0.674982 1.810000 10.619712
-0.247546 0.250880 -0.255229 0.249964 -0.175113 0.286078 -0.270651 1.422629 0.643116 5.850000 14.567264
-0.247546 0.250880 -0.255229 0.249964 -0.188767 0.286078 -0.270651 1.422119 0.688093 1.760000 10.616832
-0.247546 0.250880 -0.255229 0.249964 -0.188605 0.286078 -0.270651 1.422126 0.684903 1.770000 10.615048
-0.247546 0.250880 -0.255229 0.249964 -0.188497 0.286078 -0.270651 1.422130 0.682803 1.770000 10.607405
-0.247546 0.250880 -0.255229 0.249964 -0.188339 0.286078 -0.270651 1.422136 0.679772 1.770000 10.596526
-0.247546 0.250880 -0.255229 0.249964 -0.188242 0.286078 -0.270651 1.422140 0.677935 1.770000 10.590023
-0.247546 0.250880 -0.255229 0.249964 -0.188181 0.286078 -0.270651 1.422142 0.676789 1.800000 10.616001
-0.247546 0.250880 -0.255229 0.249964 -0.188279 0.286078 -0.270651 1.422138 0.678634 1.770000 10.592488
-0.247546 0.250880 -0.255229 0.249964 -0.188242 0.153404 -0.270651 12.626298 1.770453 76.860000 1563.471547
-0.247546 0.250880 -0.255229 0.249964 -0.188242 0.247596 -0.270651 3.740340 0.856816 32.700000 138.971228
-0.247546 0.250880 -0.255229 0.249964 -0.188242 0.305809 -0.270651 2.411851 0.700611 6.880000 43.834202
-0.247546 0.250880 -0.255229 0.249964 -0.188242 0.285934 -0.270651 1.420943 0.678089 1.770000 10.568513
-0.247546 0.250880 -0.255229 0.249964 -0.188242 0.286172 -0.270651 1.422988 0.677837 1.770000 10.605322
-0.247546 0.250880 -0.255229 0.249964 -0.188242 0.285054 -0.270651 1.416336 0.679131 1.980000 10.697599
-0.247546 0.250880 -0.255229 0.249964 -0.188242 0.285598 -0.270651 1.418633 0.678467 1.850000 10.607376
-0.247546 0.250880 -0.255229 0.249964 -0.188242 0.285889 -0.270651 1.420594 0.678139 1.770000 10.562268
-0.247546 0.250880 -0.255229 0.249964 -0.188242 0.285778 -0.270651 1.419786 0.678262 1.790000 10.567838
-0.247546 0.250880 -0.255229 0.249964 -0.188242 0.285854 -0.270651 1.420331 0.678177 1.790000 10.577569
-0.154695 0.249823 -0.263633 0.248962 -0.187795 0.285220 -0.270639 1.343970 0.553370 10.870000 18.021341
-0.095225 0.249145 -0.269016 0.248320 -0.187509 0.284791 -0.270631 1.368501 0.562370 21.860000 29.441833
-0.191449 0.250241 -0.260306 0.249358 -0.187972 0.285485 -0.270644 1.354645 0.586978 6.040000 13.419826
-0.214165 0.250500 -0.258250 0.249603 -0.188081 0.285648 -0.270647 1.373608 0.618877 3.820000 11.593236
-0.228204 0.250660 -0.256979 0.249755 -0.188149 0.285750 -0.270649 1.390517 0.642140 2.820000 10.952236
-0.245328 0.250855 -0.255429 0.249940 -0.188231 0.285873 -0.270651 1.416733 0.673784 1.950000 10.656005
-0.246270 0.250866 -0.255344 0.249950 -0.188236 0.285880 -0.270651 1.418358 0.675633 1.880000 10.622282
-0.248046 0.250886 -0.255183 0.249969 -0.188244 0.285893 -0.270652 1.421480 0.679121 1.770000 10.582092
-0.249494 0.250903 -0.255052 0.249985 -0.188251 0.285903 -0.270652 1.424051 0.681999 1.760000 10.629940
-0.247813 0.250883 -0.255205 0.249966 -0.188243 0.285891 -0.270652 1.421081 0.678662 1.770000 10.573109
-0.247444 0.250879 -0.255238 0.249962 -0.188241 0.285888 -0.270651 1.420424 0.677930 1.790000 10.578396
-0.247710 0.250882 -0.255214 0.249965 -0.188243 0.285890 -0.270652 1.420892 0.678468 1.770000 10.568923
-0.247663 0.250882 -0.255218 0.249965 -0.188242 0.285890 -0.270651 1.420793 0.678360 1.770000 10.566725
-0.247579 0.250881 -0.255226 0.249964 -0.188242 0.285889 -0.270651 1.420645 0.678201 1.770000 10.563438
-0.247527 0.250880 -0.255230 0.249963 -0.188242 0.285889 -0.270651 1.420569 0.678106 1.780000 10.571694
-0.247611 0.250881 -0.255223 0.249964 -0.188242 0.285890 -0.270651 1.420720 0.678262 1.770000 10.565019
-0.247559 0.250881 -0.255227 0.249964 -0.188242 0.285889 -0.270651 1.420602 0.678165 1.770000 10.562499
-0.247547 0.250880 -0.255229 0.249964 -0.188242 0.285889 -0.270651 1.420596 0.678140 1.770000 10.562317
-0.247546 0.250880 -0.255229 0.249964 -0.188242 0.285889 -0.270651 1.420594 0.678139 1.770000 10.562268
-0.247539 0.250880 -0.255229 0.249964 -0.188242 0.285889 -0.270651 1.420578 0.678127 1.770000 10.561926
-0.247535 0.250880 -0.255230 0.249963 -0.188242 0.285889 -0.270651 1.420588 0.678120 1.770000 10.562086
-0.247539 0.250880 -0.255229 0.249964 -0.188242 0.285889 -0.270651 1.420578 0.678127 1.770000 10.561926
-0.247539 0.250880 -0.255229 0.249964 -0.188242 0.285889 -0.270651 1.420578 0.678127 1.770000 10.561926
-0.247542 0.250880 -0.255229 0.249964 -0.188242 0.285889 -0.270651 1.420585 0.678132 1.770000 10.562073
-0.247540 0.250880 -0.255229 0.249964 -0.188242 0.285889 -0.270651 1.420580 0.678128 1.770000 10.561975
-0.247540 0.250880 -0.255229 0.249964 -0.188242 0.285889 -0.270651 1.420580 0.678128 1.770000 10.561975
-0.247540 0.250880 -0.255229 0.249964 -0.188242 0.285889 -0.270651 1.420580 0.678128 1.770000 10.561975
-0.247533 0.250435 -0.255227 0.249966 -0.187994 0.285700 -0.270765 1.427106 0.673971 1.760000 10.657915
-0.247539 0.250880 -0.255229 0.249964 -0.188242 0.285889 -0.246832 1.599659 0.884161 2.750000 16.318288
-0.247539 0.250880 -0.255229 0.249964 -0.188242 0.285889 -0.152168 3.766390 2.931638 45.670000 211.491678
-0.247539 0.250880 -0.255229 0.249964 -0.188242 0.285889 -0.305337 1.756182 1.043970 5.810000 24.548962
-0.247539 0.250880 -0.255229 0.249964 -0.188242 0.285889 -0.271192 1.420419 0.678084 1.810000 10.598845
-0.247539 0.250880 -0.255229 0.249964 -0.188242 0.285889 -0.269687 1.421325 0.678784 1.820000 10.628035
-0.247539 0.250880 -0.255229 0.249964 -0.188242 0.285889 -0.271469 1.420410 0.678154 1.840000 10.628926
-0.247539 0.250880 -0.255229 0.249964 -0.188242 0.285889 -0.270575 1.420615 0.678152 1.770000 10.562702
-0.247539 0.250880 -0.255229 0.249964 -0.188242 0.285889 -0.270541 1.420633 0.678164 1.770000 10.563076
-0.247539 0.250880 -0.255229 0.249964 -0.188242 0.285889 -0.270610 1.420597 0.678140 1.770000 10.562334
-0.247539 0.250880 -0.255229 0.249964 -0.188242 0.285889 -0.270833 1.420503 0.678086 1.790000 10.580411
-0.247539 0.250880 -0.255229 0.249964 -0.188242 0.285889 -0.270695 1.420558 0.678115 1.770000 10.561515
-0.247539 0.250880 -0.255229 0.249964 -0.188242 0.285889 -0.270748 1.420535 0.678102 1.790000 10.581058
-0.247539 0.250880 -0.255229 0.249964 -0.188242 0.285889 -0.270662 1.420573 0.678124 1.770000 10.561820
-0.247539 0.153404 -0.255229 0.249964 -0.188242 0.285889 -0.270695 5.809452 1.260297 71.050000 358.733363
-0.247539 0.247596 -0.255229 0.249964 -0.188242 0.285889 -0.270695 1.485820 0.681830 1.270000 11.319026
-0.247539 0.305809 -0.255229 0.249964 -0.188242 0.285889 -0.270695 2.484456 0.902894 56.980000 97.983883
-0.247539 0.254789 -0.255229 0.249964 -0.188242 0.285889 -0.270695 1.364377 0.676300 3.760000 11.542295
-0.247539 0.250649 -0.255229 0.249964 -0.188242 0.285889 -0.270695 1.424632 0.678311 1.750000 10.617401
-0.247539 0.250946 -0.255229 0.249964 -0.188242 0.285889 -0.270695 1.419409 0.678060 1.820000 10.590175
-0.247539 0.251911 -0.255229 0.249964 -0.188242 0.285889 -0.270695 1.403370 0.677358 2.260000 10.735338
-0.247539 0.251037 -0.255229 0.249964 -0.188242 0.285889 -0.270695 1.417835 0.677987 1.890000 10.630999
-0.247539 0.250831 -0.255229 0.249964 -0.188242 0.285889 -0.270695 1.421415 0.678155 1.780000 10.587457
-0.247539 0.250870 -0.255229 0.249964 -0.188242 0.285889 -0.270695 1.420733 0.678123 1.770000 10.564762
-0.247539 0.250903 -0.255229 0.249964 -0.188242 0.285889 -0.270695 1.420157 0.678096 1.800000 10.584061
-0.247539 0.250870 -0.246832 0.249964 -0.188242 0.285889 -0.270695 1.399023 0.746421 2.640000 11.329651
-0.247539 0.250870 -0.152168 0.249964 -0.188242 0.285889 -0.270695 1.321481 3.380943 40.680000 130.426615
-0.247539 0.250870 -0.305337 0.249964 -0.188242 0.285889 -0.270695 1.593259 1.615321 10.960000 35.351562
-0.247539 0.250870 -0.257240 0.249964 -0.188242 0.285889 -0.270695 1.426261 0.675646 1.810000 10.698117
-0.247539 0.250870 -0.255132 0.249964 -0.188242 0.285889 -0.270695 1.420469 0.678385 1.790000 10.580845
-0.247539 0.250870 -0.254201 0.249964 -0.188242 0.285889 -0.270695 1.417955 0.681566 1.930000 10.686074
-0.247539 0.250870 -0.255685 0.249964 -0.188242 0.285889 -0.270695 1.421975 0.677065 1.780000 10.593904
-0.247539 0.250870 -0.255280 0.249964 -0.188242 0.285889 -0.270695 1.420871 0.677990 1.780000 10.576843
-0.247539 0.250870 -0.255314 0.249964 -0.188242 0.285889 -0.270695 1.420964 0.677904 1.780000 10.578239
-0.247539 0.250870 -0.255242 0.249964 -0.188242 0.285889 -0.270695 1.420768 0.678089 1.780000 10.575291
-0.247539 0.250870 -0.255200 0.249964 -0.188242 0.285889 -0.270695 1.420654 0.678200 1.770000 10.563585
-0.247539 0.250870 -0.255167 0.249964 -0.188242 0.285889 -0.270695 1.420564 0.678289 1.770000 10.562252
-0.247539 0.250870 -0.255167 0.096110 -0.188242 0.285889 -0.270695 4.854438 1.079139 33.470000 226.435362
-0.247539 0.250870 -0.255167 0.154890 -0.188242 0.285889 -0.270695 3.445207 0.917465 18.520000 107.005235
-0.247539 0.250870 -0.255167 0.191219 -0.188242 0.285889 -0.270695 2.611474 0.821402 8.930000 54.546201
-0.247539 0.250870 -0.255167 0.213671 -0.188242 0.285889 -0.270695 2.121922 0.764465 4.410000 31.415725
-0.247539 0.250870 -0.255167 0.227548 -0.188242 0.285889 -0.270695 1.835916 0.730528 2.600000 20.978140
-0.247539 0.250870 -0.255167 0.236124 -0.188242 0.285889 -0.270695 1.668578 0.710131 2.040000 16.137300
-0.247539 0.250870 -0.255167 0.241424 -0.188242 0.285889 -0.270695 1.569896 0.697771 1.840000 13.677911
-0.247539 0.250870 -0.255167 0.244700 -0.188242 0.285889 -0.270695 1.511065 0.690232 1.810000 12.394401
-0.247539 0.250870 -0.255167 0.246724 -0.188242 0.285889 -0.270695 1.475644 0.685615 1.810000 11.673347
-0.247539 0.250870 -0.255167 0.247975 -0.188242 0.285889 -0.270695 1.454132 0.682777 1.820000 11.257755
-0.247539 0.250870 -0.255167 0.248749 -0.188242 0.285889 -0.270695 1.440975 0.681027 1.810000 10.992041
-0.247539 0.250870 -0.255167 0.249227 -0.188242 0.285889 -0.270695 1.432909 0.679948 1.790000 10.817004
-0.247539 0.250870 -0.255167 0.249522 -0.188242 0.285889 -0.270695 1.427954 0.679284 1.780000 10.712416
-0.247539 0.250870 -0.255167 0.249705 -0.188242 0.285889 -0.270695 1.424890 0.678872 1.770000 10.644158
-0.247539 0.250870 -0.255167 0.249817 -0.188242 0.285889 -0.270695 1.423017 0.678620 1.770000 10.608661
-0.247539 0.250870 -0.255167 0.249887 -0.188242 0.285889 -0.270695 1.421849 0.678462 1.770000 10.586536
-0.247539 0.250870 -0.255167 0.249930 -0.188242 0.285889 -0.270695 1.421131 0.678365 1.770000 10.572968
-0.247539 0.250870 -0.255167 0.249964 -0.188242 0.285889 -0.270695 1.420564 0.678289 1.770000 10.562252
-0.247539 0.250870 -0.255167 0.249964 -0.154127 0.285889 -0.270695 1.423288 1.240792 22.730000 36.742342
-0.247539 0.250870 -0.255167 0.249964 -0.094873 0.285889 -0.270695 1.427618 3.602700 58.910000 163.782225
-0.247539 0.250870 -0.255167 0.249964 -0.190747 0.285889 -0.270695 1.420357 0.731218 1.680000 10.685192
-0.247539 0.250870 -0.255167 0.249964 -0.196248 0.285889 -0.270695 1.419900 0.878292 1.570000 11.463209
-0.247539 0.250870 -0.255167 0.249964 -0.190006 0.285889 -0.270695 1.420419 0.714453 1.700000 10.631606
-0.247539 0.250870 -0.255167 0.249964 -0.176301 0.285889 -0.270695 1.421537 0.625908 5.370000 14.020829
-0.247539 0.250870 -0.255167 0.249964 -0.187113 0.285889 -0.270695 1.420657 0.658227 1.960000 10.686449
-0.247539 0.250870 -0.255167 0.249964 -0.188937 0.285889 -0.270695 1.420507 0.691872 1.760000 10.601479
-0.247539 0.250870 -0.255167 0.249964 -0.188893 0.285889 -0.270695 1.420510 0.690986 1.760000 10.598152
-0.247539 0.250870 -0.255167 0.249964 -0.188213 0.285889 -0.270695 1.420566 0.677742 1.770000 10.560349
-0.247539 0.250870 -0.255167 0.249964 -0.187502 0.285889 -0.270695 1.420625 0.664848 1.890000 10.637252
-0.247539 0.250870 -0.255167 0.249964 -0.187941 0.285889 -0.270695 1.420589 0.672691 1.830000 10.603061
-0.247539 0.250870 -0.255167 0.249964 -0.188473 0.285889 -0.270695 1.420545 0.682704 1.770000 10.577838
-0.247539 0.250870 -0.255167 0.249964 -0.188109 0.285889 -0.270695 1.420575 0.675794 1.800000 10.583618
-0.247539 0.250870 -0.255167 0.249964 -0.188301 0.285889 -0.270695 1.420559 0.679407 1.770000 10.566161
-0.247539 0.250870 -0.255167 0.249964 -0.188173 0.285889 -0.270695 1.420570 0.676990 1.790000 10.577742
-0.247539 0.250870 -0.255167 0.249964 -0.188246 0.285889 -0.270695 1.420564 0.678365 1.770000 10.562516
-0.247539 0.250870 -0.255167 0.249964 -0.188213 0.153404 -0.270695 12.628839 1.768986 76.870000 1564.060632
-0.247539 0.250870 -0.255167 0.249964 -0.188213 0.247596 -0.270695 3.742067 0.855652 32.730000 139.104874
-0.247539 0.250870 -0.255167 0.249964 -0.188213 0.305809 -0.270695 2.410780 0.700794 6.860000 43.773997
-0.247539 0.250870 -0.255167 0.249964 -0.188213 0.285952 -0.270695 1.421052 0.677675 1.770000 10.569045
-0.247539 0.250870 -0.255167 0.249964 -0.188213 0.286191 -0.270695 1.423108 0.677430 1.780000 10.616093
-0.247539 0.250870 -0.255167 0.249964 -0.188213 0.284762 -0.270695 1.415927 0.679086 2.060000 10.769945
-0.247539 0.250870 -0.255167 0.249964 -0.188213 0.285498 -0.270695 1.418089 0.678176 1.900000 10.646335
-0.247539 0.250870 -0.255167 0.249964 -0.188213 0.285886 -0.270695 1.420544 0.677745 1.780000 10.569946
-0.247539 0.250870 -0.255167 0.249964 -0.188213 0.285986 -0.270695 1.421323 0.677640 1.770000 10.573924
-0.247539 0.250870 -0.255167 0.249964 -0.188213 0.285919 -0.270695 1.420795 0.677710 1.770000 10.564434
-0.154691 0.249812 -0.263571 0.248962 -0.187766 0.285250 -0.270683 1.344571 0.552118 10.850000 18.010165
-0.095222 0.249135 -0.268953 0.248320 -0.187480 0.284821 -0.270675 1.369588 0.560055 21.860000 29.457890
-0.191444 0.250231 -0.260244 0.249358 -0.187943 0.285515 -0.270688 1.355024 0.586169 6.060000 13.444908
-0.214159 0.250490 -0.258188 0.249603 -0.188052 0.285678 -0.270691 1.373891 0.618261 3.830000 11.606703
-0.228198 0.250650 -0.256917 0.249755 -0.188120 0.285780 -0.270693 1.390756 0.641616 2.820000 10.955016
-0.245902 0.250851 -0.255315 0.249946 -0.188205 0.285907 -0.270695 1.417950 0.674487 1.910000 10.640786
-0.246875 0.250862 -0.255227 0.249956 -0.188210 0.285914 -0.270695 1.419650 0.676406 1.830000 10.598742
-0.248417 0.250880 -0.255087 0.249973 -0.188217 0.285925 -0.270695 1.422353 0.679450 1.770000 10.599372
-0.247634 0.250871 -0.255158 0.249965 -0.188213 0.285920 -0.270695 1.420965 0.677890 1.770000 10.568217
-0.247642 0.250871 -0.255157 0.249965 -0.188213 0.285920 -0.270695 1.420981 0.677907 1.770000 10.568569
-0.247436 0.250869 -0.255176 0.249962 -0.188212 0.285918 -0.270695 1.420622 0.677500 1.780000 10.570515
-0.247558 0.250870 -0.255165 0.249964 -0.188213 0.285919 -0.270695 1.420833 0.677748 1.770000 10.565283
-0.247511 0.250870 -0.255169 0.249963 -0.188213 0.285919 -0.270695 1.420751 0.677660 1.780000 10.573461
-0.247587 0.250870 -0.255162 0.249964 -0.188213 0.285919 -0.270695 1.420893 0.677805 1.770000 10.566581
-0.247540 0.250870 -0.255167 0.249964 -0.188213 0.285919 -0.270695 1.420797 0.677712 1.770000 10.564483
-0.247529 0.250870 -0.255168 0.249963 -0.188213 0.285919 -0.270695 1.420791 0.677693 1.770000 10.564301
-0.247526 0.250870 -0.255168 0.249963 -0.188213 0.285919 -0.270695 1.420784 0.677688 1.780000 10.574154
-0.247529 0.250870 -0.255168 0.249963 -0.188213 0.285919 -0.270695 1.420791 0.677693 1.770000 10.564301
-0.247530 0.250870 -0.255168 0.249963 -0.188213 0.285919 -0.270695 1.420793 0.677695 1.770000 10.564350
