-0.392963 0.256994 -0.253581 0.306725 -0.182437 0.286480 -0.273941 0.934585 0.682353 1.470000 3.691163
-0.246832 0.256994 -0.253581 0.306725 -0.182437 0.286480 -0.273941 1.337421 0.562830 26.840000 33.892220
-0.152168 0.256994 -0.253581 0.306725 -0.182437 0.286480 -0.273941 2.107454 0.643340 44.440000 70.484557
-0.305337 0.256994 -0.253581 0.306725 -0.182437 0.286480 -0.273941 0.959852 0.579706 14.210000 16.388169
-0.341495 0.256994 -0.253581 0.306725 -0.182437 0.286480 -0.273941 0.843164 0.612846 6.810000 8.114961
-0.363842 0.256994 -0.253581 0.306725 -0.182437 0.286480 -0.273941 0.844324 0.640267 3.580000 4.962342
-0.377653 0.256994 -0.253581 0.306725 -0.182437 0.286480 -0.273941 0.875411 0.659420 2.360000 4.023485
-0.387560 0.256994 -0.253581 0.306725 -0.182437 0.286480 -0.273941 0.910956 0.674069 1.810000 3.801851
-0.388424 0.256994 -0.253581 0.306725 -0.182437 0.286480 -0.273941 0.914542 0.675380 1.770000 3.796031
-0.390314 0.256994 -0.253581 0.306725 -0.182437 0.286480 -0.273941 0.922644 0.678267 1.670000 3.774068
-0.394014 0.256994 -0.253581 0.306725 -0.182437 0.286480 -0.273941 0.939507 0.683987 1.450000 3.720174
-0.396300 0.256994 -0.253581 0.306725 -0.182437 0.286480 -0.273941 0.950566 0.687567 1.420000 3.801907
-0.392601 0.256994 -0.253581 0.306725 -0.182437 0.286480 -0.273941 0.932913 0.681792 1.510000 3.714621
-0.393064 0.256994 -0.253581 0.306725 -0.182437 0.286480 -0.273941 0.935053 0.682509 1.470000 3.695809
-0.393265 0.256994 -0.253581 0.306725 -0.182437 0.286480 -0.273941 0.935988 0.682822 1.460000 3.695096
