1708                0.4853    0.0000    -0.5145   -0.3027

1702                1.532     0.0000    -.9642    -.9544

1701  FF1 IN GICO      1.11996   0.98691  -0.85551  -1.24606   0.19013   0.04787
                      -0.60814   0.17453  -0.17924   1.01394  -0.93328
1703  FF3              0.30712   0.20134  -0.41484  -0.57909   0.44840   0.09261
                      -0.13082   0.19669  -0.10143   0.10690  -0.09189
1704  SAN JOSE         0.42497   0.41592  -0.51925  -0.77371   0.30894   0.01210
                      -0.25423   0.14422  -0.00445   0.29125  -0.36274
1705  SIS MAGNETE      1.83008   1.71217  -1.03343  -1.53277   0.16597   0.01276
                      -1.04890   0.14697  -0.30273   2.73303  -3.80817 
1707  COSYINF          0.56809   0.47493  -0.60534  -0.86955   0.31319   0.07118
                       0.20967   0.33377  -0.28976   0.21929   0.33948  -0.08449
1707  FF7 IN GICO      0.37297   0.25996  -0.43491  -0.62567   0.42369   0.03767
                      -0.16511   0.16544  -0.18333   0.15933  -0.19030
1710  TOFI             0.43945   0.34533  -0.52826  -0.75141   0.33160   0.09812
                      -0.21621   0.20780  -0.08240   0.21846  -0.17100
1709  KEINE INTEG.     0.00000   0.00000  

1901                .09819    .1217     -.2404    -.3781    .72       -.06924
                    .03167    .06924
1902                .1549     .1520     -.3027    -.4535    .5657     -.002
                    .05958    .002
1903  FF3 IN GICO      0.30712   0.20134  -0.41484  -0.57909   0.44840   0.09261
                       0.14219  -0.09261
1903  FF3 NEUE         0.30712   0.20134  -0.41484  -0.57909   0.44840   0.09261
      ANORDNUNG        0.14219   0.10690   0.07418
1904                .0916     .1187     -.2311    -.3677    .7641     -.09056
                    .0277     .09056
1907  FF7 IN GICO      0.37297   0.25996  -0.43491  -0.62567   0.42369   0.03767
                       0.13380
1908  d = g = b        0.4046    0.3541   -0.4822   -0.7067    0.3373    0.0321
      von hu matsuda   0.1245    0.2876    0.2455
1909  no integrals     

2409                .209      -.0768    .0552     -.33

2401  ff1 in gico      0.13587  -0.00001   0.05950  -0.28426   0.13586   0.59460
                       0.00005  -0.00005   0.00923   0.03152  -0.02753   0.01392
2401  ff1 in gico      0.13588  -0.00001   0.05954  -0.28426   0.13586   0.59460
                       0.00005  -0.00005   0.00923   0.03152  -0.02753   0.01392
2401  ff1 in gico      0.12730   0.00000   0.05176  -0.27819   0.12730   0.59908
                       0.00000   0.00000   0.00810   0.02269  -0.01695   0.00627
2601                .209      -.0768    .0552     -.33

8201                .209      -.0768    .0552     -.33

8401                .209      -.0768    .0552     -.33

2402   THUMA        .209      -.07678   .05518    -.33306

2402  ff1 in gico      0.12730   0.00000   0.05176  -0.27819   0.12730   0.59908
                       0.00000   0.00000   0.00810   0.02269  -0.01695   0.00627
2404   ff 4 in gico    0.30712  -0.10143   0.10690  -0.41484   0.20134   0.44837
                       0.09260  -0.09260
2604   ff 4 in gico    0.30712  -0.10143   0.10690  -0.41484   0.20134   0.44837
                       0.09260  -0.09260
2405   SIS QUADRUPOL   0.37822  -0.18190   0.14263  -0.44627   0.24289   0.41411
                       0.07006  -0.07006   0.07153   0.03973  -0.05949  -0.09501
2406   halbach         0.13683  -0.00001   0.06108  -0.28471   0.13683   0.59434
                       0.00000   0.0000
2606   halbach         0.13683  -0.00001   0.06108  -0.28471   0.13683   0.59434
                       0.00000   0.0000
2407   har..oh..ble.   0.25618  -0.08831   0.08591  -0.37253   0.17495   0.48716
                       0.06148  -0.06148
2607   har.ohne.ble.   0.25618  -0.08831   0.08591  -0.37253   0.17495   0.48716
                       0.06148  -0.06148
2403   RAYT            0.03382  -0.00105   0.00566  -0.14590   0.03034   1.10640
                       0.02675  -0.02675
2406   MARTIN QUAD     0.32168  -0.08797   0.12818  -0.43282   0.23267   0.40798
                       0.07112  -0.07112   0.05174   0.03565  -0.04411  -0.04376
2606   MARTIN QUAD     0.32168  -0.08797   0.12818  -0.43282   0.23267   0.40798
                       0.07112  -0.07112   0.05174   0.03565  -0.04411  -0.04376
2607   MARTIN QUAD     0.32168  -0.08797   0.12818  -0.43282  
         ALTE WERTE
2409   MARTIN MULTI    0.12050  -0.01467   0.03379  -0.26922   0.09780   0.62413
                       0.04310  -0.04310
2409   HALBACH         0.13196  -0.00010   0.05723  -0.27953   0.13354   0.60779
                      -0.00494   0.00494   0.00871   0.02856  -0.02259   0.00982
2609   MARTIN MULTI    0.12050  -0.01467   0.03379  -0.26922   0.09780   0.62413
                       0.04310  -0.04310
4701   MAGN. RECT.  .384      -.482     -.2

5001   WIENFILTER   .75       .0833333  1.
